			% of divergence bins:
Rname	Rclass	Rfam	[0;1[	[1;2[	[2;3[	[3;4[	[4;5[	[5;6[	[6;7[	[7;8[	[8;9[	[9;10[	[10;11[	[11;12[	[12;13[	[13;14[	[14;15[	[15;16[	[16;17[	[17;18[	[18;19[	[19;20[	[20;21[	[21;22[	[22;23[	[23;24[	[24;25[	[25;26[	[26;27[	[27;28[	[28;29[	[29;30[	[30;31[	[31;32[	[32;33[	[33;34[	[34;35[	[35;36[	[36;37[	[37;38[	[38;39[	[39;40[	[40;41[	[41;42[	[42;43[	[43;44[	[44;45[	[45;46[	[46;47[	[47;48[	[48;49[	[49;50[

rnd-1_family-35	Unknown	Unknown	0	0	0	0	0	0	45	38	0	470	832	1704	3955	5030	5275	4337	5628	4984	4462	4057	3059	1538	1986	574	810	595	0	148	0	0	0	0	0	0	0	0	0	0	0	0	0	0	0	0	0	0	0	0	0	0
rnd-5_family-1402	Unknown	Unknown	0	0	296	0	0	0	0	0	56	51	70	58	186	136	279	494	767	1032	1960	1046	1615	2136	1853	1762	1473	1440	1267	421	839	469	252	702	0	0	0	0	0	0	0	0	0	0	0	0	0	0	0	0	0	0
rnd-6_family-1284	DNA	TcMar-Mariner	0	0	0	0	5040	7529	528	2059	3783	5069	2544	1621	662	216	127	25	91	149	0	0	0	0	0	0	0	0	0	0	0	0	0	0	0	0	0	0	0	0	0	0	0	0	0	0	0	0	0	0	0	0
rnd-1_family-65	Unknown	Unknown	0	0	0	375	1052	667	530	134	0	0	146	144	134	95	0	585	75	218	275	256	36	211	0	0	0	36	0	0	0	0	0	0	0	0	0	0	0	0	0	0	0	0	0	0	0	0	0	0	0	0
rnd-5_family-1950	Unknown	Unknown	0	0	0	0	0	269	1576	264	1616	506	0	1985	3905	4827	1084	1686	1418	410	2098	1141	1712	1243	1594	963	1134	322	0	0	0	202	0	0	0	0	0	0	0	0	0	0	0	0	0	0	0	0	0	0	0	0
rnd-1_family-71	Unknown	Unknown	0	70	278	65	344	138	0	56	188	183	0	63	0	55	0	0	0	0	0	0	0	0	0	0	0	0	0	0	0	0	0	0	0	0	0	0	0	0	0	0	0	0	0	0	0	0	0	0	0	0
rnd-6_family-650	DNA	DNA	0	0	0	0	70	0	13766	15117	12343	12490	1142	1793	1942	2521	2719	0	1105	3124	2116	1318	897	795	1522	1296	3289	2859	5169	4955	4890	3330	4142	1614	1817	1478	1206	152	370	407	29	0	0	0	0	0	0	0	0	0	0	0
rnd-5_family-1869	Unknown	Unknown	0	0	0	0	0	2797	0	42	9075	9631	15014	3439	8155	13339	10652	14040	11402	13615	11398	12543	8355	7457	2955	3059	2235	150	118	0	0	0	0	0	0	0	0	0	0	0	0	0	0	0	0	0	0	0	0	0	0	0
rnd-1_family-2	Unknown	Unknown	307	649	2852	2200	7222	15933	10569	21824	14680	8498	3263	2762	3024	458	364	170	174	246	0	79	60	0	57	13	0	0	0	0	0	0	0	0	0	0	0	0	0	0	0	0	0	0	0	0	0	0	0	0	0	0
rnd-6_family-4698	Unknown	Unknown	0	0	661	2030	157	1437	276	0	84	114	0	0	0	268	729	1047	712	129	0	0	453	602	435	105	278	0	4	0	0	0	0	0	0	0	0	0	0	0	0	0	0	0	0	0	0	0	0	0	0	0
rnd-5_family-4319	Unknown	Unknown	0	0	0	0	0	0	0	0	0	995	170	818	58	84	890	3376	5594	2248	3525	7797	6311	6436	3872	1521	376	0	299	77	0	0	0	0	0	0	0	0	0	0	0	0	0	0	0	0	0	0	0	0	0	0
rnd-5_family-1296	Unknown	Unknown	0	0	0	0	42	0	0	0	147	158	1082	597	721	563	3248	5136	8557	13966	13657	16033	14176	12816	7180	4321	3563	2617	976	298	414	321	421	0	269	0	0	0	0	0	0	0	0	0	0	0	0	0	0	0	0	0
rnd-6_family-1811	Unknown	Unknown	0	0	0	0	0	39	127	303	171	157	451	703	348	916	827	1851	802	346	1303	638	232	434	269	28	0	34	0	0	0	0	0	0	0	0	0	0	0	0	0	0	0	0	0	0	0	0	0	0	0	0
rnd-4_family-321	Unknown	Unknown	0	0	2699	3637	427	2864	8013	7729	4959	777	795	2004	1266	11626	171547	75980	13704	9007	7514	8148	3999	3980	5097	11330	6546	11369	11026	4270	1511	969	534	85	103	0	0	0	0	0	0	0	0	0	0	0	0	0	0	0	0	0
rnd-5_family-337	Unknown	Unknown	0	0	0	31	0	0	63	0	0	0	0	332	626	703	780	1759	1632	688	1669	2997	2655	1525	1013	1037	706	0	129	151	0	0	0	0	0	0	0	0	0	0	0	0	0	0	0	0	0	0	0	0	0	0
rnd-1_family-23	Unknown	Unknown	0	0	0	0	65	60	66	100	97	999	2728	1246	1114	428	233	43	0	34	0	0	0	0	75	0	0	0	0	0	0	0	0	0	0	0	0	0	0	0	0	0	0	0	0	0	0	0	0	0	0	0
rnd-4_family-151	Unknown	Unknown	0	0	0	0	291	0	0	0	0	0	0	144	343	200	141	185	944	797	790	2337	1600	2103	2948	3867	3233	3617	5329	5561	2979	3291	1692	1236	780	469	212	0	0	0	0	122	0	0	0	0	0	0	0	0	0	0
rnd-5_family-1540	DNA	Sola-2	7876	4908	6684	984	1457	1372	3541	8828	8570	8599	8967	10290	6268	8959	4033	4313	5627	5360	5668	2063	4111	2869	4115	2075	2005	350	144	52	163	117	133	0	30	0	0	0	0	0	0	0	0	0	0	0	0	0	0	0	0	0
rnd-4_family-945	DNA	TcMar-Mariner	0	0	72	8916	171	774	7740	5009	4528	5364	2703	4392	6807	5478	4969	5558	5793	8202	9329	8530	7349	5398	3086	1579	390	582	393	269	225	0	52	45	65	0	0	0	0	0	0	0	0	0	0	0	0	0	0	0	0	0
rnd-5_family-4573	Unknown	Unknown	0	1383	183	732	379	2812	1707	1533	760	482	157	533	374	571	1556	1029	1406	1571	1699	3966	1797	1440	161	98	0	293	0	0	0	0	0	0	0	0	0	0	0	0	0	0	0	0	0	0	0	0	0	0	0	0
rnd-1_family-60	Unknown	Unknown	0	0	0	0	0	0	0	0	0	0	0	0	0	0	0	40	0	0	0	0	0	0	0	0	0	0	0	0	0	0	0	0	0	0	0	0	0	0	0	0	0	0	0	0	0	0	0	0	0	0
rnd-6_family-70	Unknown	Unknown	0	0	4943	2447	0	1879	5975	1077	60	0	0	472	947	1375	1151	1442	739	408	675	99	110	694	179	271	288	0	0	307	0	0	0	0	0	0	0	0	0	0	0	0	0	0	0	0	0	0	0	0	0	0
rnd-1_family-83	Unknown	Unknown	0	0	75	508	2786	3589	1278	2865	3008	2686	3382	1522	371	0	709	560	958	0	417	165	0	71	0	0	0	0	0	0	0	0	0	0	0	0	0	0	0	0	0	0	0	0	0	0	0	0	0	0	0	0
rnd-1_family-3	Unknown	Unknown	0	0	0	0	0	0	0	0	46	0	0	0	0	0	0	0	0	0	0	0	0	0	0	0	0	0	0	0	0	0	0	0	0	0	0	0	0	0	0	0	0	0	0	0	0	0	0	0	0	0
rnd-1_family-40	Unknown	Unknown	0	0	0	0	0	0	0	0	0	0	0	0	0	0	0	37	151	108	0	0	0	48	161	0	0	0	0	0	0	0	0	0	0	0	0	0	0	0	0	0	0	0	0	0	0	0	0	0	0	0
rnd-6_family-248	Unknown	Unknown	0	0	0	0	0	0	204	52	239	403	1264	618	725	629	2047	2000	1395	3526	2512	3162	3121	3791	3109	1431	1317	418	268	146	242	0	0	0	0	0	0	0	0	0	0	0	0	0	0	0	0	0	0	0	0	0
rnd-1_family-21	Unknown	Unknown	0	0	78	158	0	0	0	41	76	142	88	186	44	0	234	112	188	367	92	101	0	119	0	0	0	0	0	0	34	0	0	0	0	0	0	0	0	0	0	0	0	0	0	0	0	0	0	0	0	0
rnd-5_family-4049	Unknown	Unknown	0	0	0	0	0	0	258	267	259	257	257	0	0	177	183	339	488	260	1302	1331	1026	785	983	1208	171	366	0	253	0	0	0	0	0	0	0	0	0	0	0	0	0	0	0	0	0	0	0	0	0	0
rnd-6_family-2685	Unknown	Unknown	29	0	0	62	44	116	206	771	150	75	440	284	793	744	333	327	290	1040	938	1031	704	691	107	354	222	127	0	0	0	0	0	0	0	0	0	0	0	0	0	0	0	0	0	0	0	0	0	0	0	0
rnd-1_family-51	Unknown	Unknown	0	0	50	112	0	0	235	115	340	559	119	403	25	331	194	238	46	0	0	39	0	0	292	30	0	0	0	0	0	0	0	0	0	0	0	0	0	0	0	0	0	0	0	0	0	0	0	0	0	0
rnd-4_family-322	Unknown	Unknown	0	0	0	33	0	566	2048	186	952	675	447	2516	4226	2574	5871	5299	6222	4783	4325	3203	1163	2636	1247	174	392	563	0	143	0	0	0	0	0	0	0	0	0	0	0	0	0	0	0	0	0	0	0	0	0	0
rnd-6_family-11060	Unknown	Unknown	0	0	511	848	1166	0	0	0	165	172	836	909	855	107	997	692	270	770	395	0	0	0	142	0	0	0	0	0	0	0	0	0	0	0	0	0	0	0	0	0	0	0	0	0	0	0	0	0	0	0
rnd-1_family-73	Unknown	Unknown	0	175	168	430	450	1394	600	0	29	174	21	437	121	0	86	368	52	0	0	0	0	0	0	0	0	0	0	0	0	0	0	0	0	0	0	0	0	0	0	0	0	0	0	0	0	0	0	0	0	0
rnd-6_family-2107	Unknown	Unknown	0	0	0	0	0	0	0	0	0	0	381	0	0	259	417	519	92	495	976	1599	671	721	1303	1630	290	885	421	267	194	276	144	0	0	0	0	0	0	0	0	0	0	0	0	0	0	0	0	0	0	0
rnd-5_family-247	Unknown	Unknown	20529	1118	520	197	98	94	48	205	373	785	1004	727	980	874	1564	1522	1204	1539	1528	1238	1109	813	546	464	303	245	213	518	181	54	0	0	0	0	0	0	0	0	0	0	0	0	0	0	0	0	0	0	0	0
rnd-1_family-75	Unknown	Unknown	0	0	0	0	0	0	0	0	0	0	0	0	61	0	0	56	0	0	0	0	0	0	0	0	0	0	0	0	0	0	0	0	0	0	0	0	0	0	0	0	0	0	0	0	0	0	0	0	0	0
rnd-5_family-1374	Unknown	Unknown	0	0	0	0	66	0	111	72	154	0	561	233	357	263	211	911	848	1404	357	1559	1525	389	997	724	167	271	400	0	0	0	0	127	0	0	0	0	0	0	0	0	0	0	0	0	0	0	0	0	0	0
rnd-3_family-91	Unknown	Unknown	0	0	0	0	0	0	258	0	0	0	0	0	0	0	0	0	0	0	0	0	0	0	205	583	558	648	622	278	722	2836	2003	1271	1505	775	387	377	0	219	0	0	0	0	0	0	0	0	0	0	0	0
rnd-6_family-1748	DNA	TcMar-Mariner	1316	194	58585	176675	104781	29513	4548	343	266	277	131	56	94	176	123	162	60	67	74	101	57	0	138	59	0	0	60	0	0	0	109	340	0	439	0	0	0	0	0	0	0	0	0	0	0	0	0	0	0	0
rnd-5_family-975	Unknown	Unknown	0	0	44	426	0	1704	6497	4677	6125	4619	1049	119	0	206	585	2017	3211	6560	6511	5917	7211	4936	6513	5847	7294	7510	6029	4586	4551	1539	1042	575	149	0	97	0	0	0	0	0	0	0	0	0	0	0	0	0	0	0
rnd-4_family-594	Unknown	Unknown	28	370	174	2260	3811	10532	19895	16941	16352	11111	7179	8487	6983	4939	6051	2658	2994	1043	507	1072	186	0	125	0	147	0	0	0	0	0	0	0	0	0	0	0	0	0	0	0	0	0	0	0	0	0	0	0	0	0
rnd-6_family-4170	Unknown	Unknown	0	0	40	0	0	73	93	376	100	182	233	166	265	321	146	458	187	592	350	163	225	369	455	460	267	70	121	129	98	0	124	134	0	0	0	0	0	0	0	0	0	0	0	0	0	0	0	0	0	0
rnd-5_family-974	Unknown	Unknown	0	0	0	30	0	3133	8477	6450	1300	429	1469	0	416	51	97	428	2874	5009	6741	4403	3874	2915	762	61	212	0	336	216	0	0	0	0	0	0	0	0	0	0	0	0	0	0	0	0	0	0	0	0	0	0
rnd-5_family-996	Unknown	Unknown	0	0	0	0	86	0	0	0	145	392	173	1151	1628	1448	1378	1912	2577	1341	1230	939	1271	979	227	438	0	205	0	0	80	0	0	0	0	0	0	0	0	0	0	0	0	0	0	0	0	0	0	0	0	0
rnd-5_family-13064	Unknown	Unknown	343	657	1573	1457	2947	3945	5129	3551	6119	5894	4072	2119	2188	381	794	168	157	0	0	0	0	0	0	0	0	0	0	0	0	0	0	0	0	0	0	0	0	0	0	0	0	0	0	0	0	0	0	0	0	0
rnd-6_family-8450	Unknown	Unknown	0	0	0	0	0	0	0	0	0	0	0	0	0	0	0	0	3413	326	1889	0	0	186	352	1430	2128	0	632	563	247	2394	606	1797	0	1052	0	0	0	0	0	0	0	0	0	0	0	0	0	0	0	0
rnd-1_family-31	Unknown	Unknown	0	0	0	0	64	0	0	0	1116	1784	2593	1115	0	245	1662	3038	577	1355	1108	146	2294	3989	2742	1431	6106	4275	792	3185	2115	903	783	228	111	0	0	0	0	0	0	0	0	0	0	0	0	0	0	0	0	0
rnd-5_family-4730	Unknown	Unknown	4376	0	0	242	769	0	558	479	1717	4572	1340	583	498	146	0	179	319	221	1316	1158	415	605	408	0	0	0	0	0	0	0	0	0	0	0	0	0	0	0	0	0	0	0	0	0	0	0	0	0	0	0
rnd-6_family-3658	DNA	TcMar-Tigger	0	0	0	0	0	93	167	417	332	647	1171	1718	1247	1761	1974	1370	815	1220	366	284	173	245	76	0	0	0	0	0	0	0	0	0	0	0	0	0	0	0	0	0	0	0	0	0	0	0	0	0	0	0
rnd-6_family-1412	Unknown	Unknown	0	0	1167	2651	1656	4998	5865	3867	1766	3015	2186	2529	508	238	136	1097	129	779	266	0	0	0	0	0	0	0	0	0	0	0	0	0	0	0	0	0	0	0	0	0	0	0	0	0	0	0	0	0	0	0
rnd-1_family-18	DNA	hAT-Ac	0	478	0	0	5967	19406	5082	14089	22256	20325	22683	30851	26556	22642	13678	9556	23996	15598	12886	11150	3727	4266	2486	1865	3264	823	820	458	280	147	276	0	0	0	0	0	0	0	0	0	0	0	0	0	0	0	0	0	0	0
rnd-5_family-6329	Unknown	Unknown	345	0	8436	11246	13423	16835	27393	6907	902	1154	0	114	62	48	0	118	541	289	756	788	1240	179	901	1367	1394	252	392	531	0	54	0	0	0	0	0	0	0	0	0	0	0	0	0	0	0	0	0	0	0	0
rnd-5_family-2298	Unknown	Unknown	0	0	0	357	0	0	0	0	60	0	67	62	159	324	433	384	458	1006	601	1501	1270	846	1770	2308	1997	1387	825	1368	1259	378	449	140	66	315	0	0	0	0	0	0	0	0	0	0	0	0	0	0	0	0
rnd-6_family-525	Unknown	Unknown	0	0	0	0	0	0	0	0	34	0	95	0	41	47	421	253	400	470	659	507	663	513	1184	661	310	413	469	579	226	0	244	0	0	0	0	0	0	0	0	0	0	0	0	0	0	0	0	0	0	0
rnd-5_family-1840	DNA	PiggyBac	0	0	0	0	278	397	1245	1484	251	2383	2027	278	988	863	98	88	0	170	0	0	0	0	232	234	380	0	189	0	0	0	0	0	0	0	0	0	0	0	0	0	0	0	0	0	0	0	0	0	0	0
rnd-6_family-6680	Unknown	Unknown	0	0	0	466	1486	1992	1958	0	85	2034	2680	1517	1350	519	494	3825	2063	2057	474	0	0	0	0	0	0	0	0	0	0	0	0	0	0	0	0	0	0	0	0	0	0	0	0	0	0	0	0	0	0	0
rnd-6_family-3082	Unknown	Unknown	0	0	0	181	124	4537	4174	8764	4883	3250	4300	4147	3203	1647	943	1162	869	821	521	214	259	105	0	103	147	0	0	0	0	0	0	0	0	0	0	0	0	0	0	0	0	0	0	0	0	0	0	0	0	0
rnd-5_family-8484	Unknown	Unknown	0	0	250	0	0	0	0	0	0	0	75	0	0	0	69	111	246	471	161	183	448	304	326	399	177	497	107	733	537	0	0	0	0	0	0	0	0	0	0	0	0	0	0	0	0	0	0	0	0	0
rnd-1_family-53	Unknown	Unknown	0	0	0	0	465	0	103	281	175	601	820	1667	1794	1957	2028	1097	1051	1417	1161	577	81	171	177	0	314	0	0	0	0	0	0	0	0	0	0	0	0	0	0	0	0	0	0	0	0	0	0	0	0	0
rnd-6_family-2068	Unknown	Unknown	0	0	210	21444	4343	3187	2569	24309	10229	9149	8462	2454	444	5262	2833	3063	2149	2108	5176	3598	2188	1317	3719	1751	2842	1698	1005	668	0	0	0	0	0	0	0	0	0	0	0	0	0	0	0	0	0	0	0	0	0	0
rnd-4_family-546	DNA	PiggyBac	0	0	41	120	57	268	0	1378	2108	1738	3142	6077	8842	9130	13899	12116	10736	10150	12465	8746	6300	7490	2641	3234	1192	990	117	136	0	392	758	0	0	0	0	0	0	0	0	0	0	0	0	0	0	0	0	0	0	0
rnd-6_family-371	DNA	TcMar-Mariner	0	348	20403	45842	6425	1958	0	0	0	22	55	0	0	0	0	0	0	0	0	0	85	0	0	60	0	60	0	200	187	0	0	0	201	0	0	0	0	0	0	0	0	0	0	0	0	0	0	0	0	0
rnd-1_family-78	DNA	TcMar-Mariner	605	4763	3167	2170	1015	0	0	0	0	0	0	0	0	0	0	0	0	0	0	0	0	0	0	0	0	0	0	0	0	0	0	0	0	0	0	0	0	0	0	0	0	0	0	0	0	0	0	0	0	0
rnd-5_family-1877	Unknown	Unknown	0	0	0	0	0	0	0	2106	5258	1012	2455	1360	1904	3891	5808	5397	6779	2616	485	848	252	158	107	33	19	60	0	0	0	0	0	0	0	0	0	0	0	0	0	0	0	0	0	0	0	0	0	0	0	0
rnd-5_family-3037	Unknown	Unknown	0	0	0	0	0	0	0	54	125	294	72	42	417	1061	1101	1892	3079	4570	3560	5851	6436	7646	4374	3469	2538	1621	730	692	310	133	182	0	0	0	0	0	0	0	0	0	0	0	0	0	0	0	0	0	0	0
rnd-5_family-935	Unknown	Unknown	0	0	0	0	0	0	0	56	0	507	0	133	603	339	955	1498	2071	2608	1906	1908	4491	1559	2281	2094	1294	2094	927	650	311	461	459	0	0	0	0	0	0	0	0	0	0	0	0	0	0	0	0	0	0	0
rnd-5_family-865	Unknown	Unknown	0	0	0	0	0	0	0	56	123	287	138	1027	359	1735	1319	2760	1600	1978	1696	1156	822	0	901	184	255	0	0	0	0	0	0	0	0	0	0	0	0	0	0	0	0	0	0	0	0	0	0	0	0	0
rnd-5_family-873	Unknown	Unknown	0	0	0	0	0	0	0	0	0	0	0	45	104	90	0	417	228	565	1008	838	791	1870	2090	2060	1640	1399	1465	1804	344	507	240	0	0	0	0	0	0	0	0	0	0	0	0	0	0	0	0	0	0	0
rnd-5_family-1095	Unknown	Unknown	0	0	0	0	0	0	0	0	1052	262	0	656	1574	2222	1349	3208	7401	8189	9334	8975	8811	3747	2631	804	919	433	230	12	0	0	0	0	0	0	0	0	0	0	0	0	0	0	0	0	0	0	0	0	0	0
rnd-1_family-22	Unknown	Unknown	0	0	36	0	0	0	0	78	0	149	317	149	122	722	198	971	846	1262	613	796	1105	1357	1234	1023	609	605	348	205	84	33	0	0	0	0	0	0	0	0	0	0	0	0	0	0	0	0	0	0	0	0
rnd-1_family-0	Unknown	Unknown	0	0	0	0	0	0	0	0	0	0	0	0	0	171	9	96	18	149	17	9	1	19	7	11	0	176	323	0	66	0	0	0	0	0	0	0	0	0	0	0	0	0	0	0	0	0	0	0	0	0
rnd-1_family-39	Unknown	Unknown	0	0	0	0	0	0	0	1331	6124	5680	1487	0	663	1238	5918	4137	1461	478	0	0	151	799	0	957	1396	451	996	736	454	83	131	0	0	0	0	0	0	0	0	0	0	0	0	0	0	0	0	0	0	0
rnd-6_family-324	Unknown	Unknown	0	0	238	0	0	0	0	0	0	42	179	0	76	239	119	321	208	267	216	511	683	274	642	551	1173	601	1110	1519	547	524	171	370	277	0	99	0	0	0	0	0	0	0	0	0	0	0	0	0	0	0
rnd-1_family-37	Unknown	Unknown	0	0	0	0	0	0	0	0	1658	4702	8072	3174	1116	685	311	359	1047	0	622	325	991	627	34	0	579	613	0	0	0	0	0	0	0	0	0	0	0	0	0	0	0	0	0	0	0	0	0	0	0	0
rnd-6_family-143	Unknown	Unknown	0	0	0	0	287	0	0	0	0	0	0	0	0	75	54	76	60	0	236	0	156	531	172	459	367	1397	66	390	1142	781	238	264	0	0	0	0	0	0	0	0	0	0	0	0	0	0	0	0	0	0
rnd-6_family-2088	Unknown	Unknown	0	0	0	0	0	0	0	0	275	1074	0	287	2562	1650	1184	2400	3655	4389	4171	2659	2333	2884	877	284	787	917	297	0	147	0	545	0	0	0	0	0	0	0	0	0	0	0	0	0	0	0	0	0	0	0
rnd-6_family-6697	Unknown	Unknown	0	0	1078	430	216	225	466	1226	381	181	224	0	336	328	0	138	162	419	282	192	266	0	0	0	0	0	0	0	0	0	0	0	0	0	0	0	0	0	0	0	0	0	0	0	0	0	0	0	0	0
rnd-5_family-357	Unknown	Unknown	0	0	0	0	0	0	0	603	598	400	538	882	0	540	193	1328	1349	1628	2273	1415	812	1911	821	487	170	151	179	0	0	0	0	0	0	0	0	0	0	0	0	0	0	0	0	0	0	0	0	0	0	0
rnd-6_family-9658	Unknown	Unknown	0	0	42	0	0	0	45	289	315	506	575	1030	2538	3062	5249	5311	5817	5841	3929	3767	3966	3232	2568	873	870	437	466	175	224	121	0	0	0	0	0	0	0	0	0	0	0	0	0	0	0	0	0	0	0	0
rnd-5_family-423	Unknown	Unknown	0	0	0	0	69	0	0	249	93	136	427	577	973	1607	3754	4328	4344	6015	6117	5033	5380	4902	3516	2447	545	599	432	474	167	0	0	0	0	0	0	0	0	0	0	0	0	0	0	0	0	0	0	0	0	0
rnd-5_family-306	Unknown	Unknown	0	0	0	0	0	244	0	0	0	0	0	59	0	0	0	0	111	115	0	0	480	0	249	441	167	293	710	0	263	149	155	0	0	0	0	0	0	0	0	0	0	0	0	0	0	0	0	0	0	0
rnd-5_family-2258	Unknown	Unknown	2356	28149	3735	9525	2469	6630	16232	1712	15585	17080	6057	9923	170	915	4106	1714	2095	5020	4334	5811	6303	7720	6928	5185	4200	3551	4844	4041	2537	2064	664	352	222	60	0	0	0	0	0	0	0	0	0	0	0	0	0	0	0	0
rnd-1_family-43	Unknown	Unknown	0	0	0	0	0	0	0	337	634	319	641	947	908	313	610	639	0	412	341	949	669	799	0	870	0	308	717	250	450	398	666	171	0	175	0	198	0	0	0	0	0	0	0	0	0	0	0	0	0	0
rnd-5_family-211	Unknown	Unknown	0	0	0	0	0	0	0	0	0	0	0	523	0	0	0	0	0	0	0	0	0	0	0	226	274	1919	2692	2343	4128	2487	2070	2469	1559	1024	361	0	0	0	0	0	0	0	0	0	0	0	0	0	0	0
rnd-1_family-69	Unknown	Unknown	0	58	2493	3352	0	300	46	0	60	136	88	0	377	419	1187	1394	2302	3076	3151	2766	2939	1299	1171	865	731	1018	254	0	0	0	0	0	0	0	0	0	0	0	0	0	0	0	0	0	0	0	0	0	0	0
rnd-5_family-5557	Unknown	Unknown	0	0	0	0	0	0	873	55	61	265	991	876	2844	4175	5631	6284	4692	8098	4517	2450	1865	1613	441	0	0	156	0	0	0	0	0	0	0	0	0	0	0	0	0	0	0	0	0	0	0	0	0	0	0	0
rnd-5_family-346	Unknown	Unknown	0	0	0	27	0	0	30	0	93	225	40	214	0	272	439	245	946	1160	182	124	734	437	664	368	611	333	149	402	263	115	0	0	0	0	0	0	0	0	0	0	0	0	0	0	0	0	0	0	0	0
rnd-4_family-502	Unknown	Unknown	36	0	0	0	0	54	0	0	137	188	145	221	142	208	264	527	664	449	940	531	1421	767	674	1785	2430	1713	1541	1257	1675	917	1261	616	343	390	279	87	165	193	0	1	0	0	0	0	0	0	0	0	0	0
rnd-1_family-41	Unknown	Unknown	0	0	0	0	0	0	0	0	0	0	1130	842	0	0	0	0	0	0	0	0	0	0	0	0	0	0	0	0	0	0	0	0	0	2	0	0	0	0	0	0	0	0	0	0	0	0	0	0	0	0
rnd-1_family-55	Unknown	Unknown	0	0	0	1372	1390	0	0	0	411	428	815	852	658	1275	970	2036	3501	4002	2284	2693	3557	2629	1374	1500	919	695	818	362	141	159	51	0	0	0	0	0	0	0	0	0	0	0	0	0	0	0	0	0	0	0
rnd-6_family-1480	Unknown	Unknown	0	0	35	0	45	108	225	171	540	234	243	639	507	716	500	612	539	884	479	753	373	586	597	330	110	394	147	142	64	0	0	0	0	0	0	0	0	0	0	0	0	0	0	0	0	0	0	0	0	0
rnd-1_family-45	Unknown	Unknown	0	0	0	0	0	0	63	28	168	128	30	78	242	134	90	131	227	132	128	95	112	56	62	0	12	0	0	0	0	0	0	0	0	0	0	0	0	0	0	0	0	0	0	0	0	0	0	0	0	0
rnd-1_family-14	DNA	TcMar-Tc1	150	685	1913	2932	4796	5177	4956	2502	1652	864	474	621	391	236	42	325	110	259	317	792	164	379	182	0	65	0	0	0	0	0	0	0	0	0	0	0	0	0	0	0	0	0	0	0	0	0	0	0	0	0
rnd-5_family-413	Unknown	Unknown	304	0	680	368	361	337	360	373	678	339	814	346	635	748	827	652	465	121	1141	284	702	489	579	1124	771	756	830	651	302	328	158	246	120	0	0	179	151	0	0	0	0	0	0	0	0	0	0	0	0	0
rnd-6_family-6681	Unknown	Unknown	0	391	1175	1205	100	0	1026	97	102	99	475	453	41	0	100	310	239	0	0	274	0	178	54	0	0	68	0	0	0	0	0	0	0	0	0	0	0	0	0	0	0	0	0	0	0	0	0	0	0	0
rnd-1_family-62	Unknown	Unknown	0	0	0	0	0	0	67	0	0	125	0	125	0	51	191	381	605	785	310	362	496	1427	172	514	815	298	0	0	0	133	0	0	0	0	0	0	0	0	0	0	0	0	0	0	0	0	0	0	0	0
rnd-3_family-34	DNA	TcMar-Tc1	0	0	0	29	0	74	32	120	139	285	369	448	506	696	902	1661	1511	1401	2072	1955	2370	1816	1982	2203	1580	2507	1861	691	1020	315	451	314	68	9	95	0	0	0	0	0	0	0	0	0	0	0	0	0	0	0
rnd-1_family-27	Unknown	Unknown	0	0	0	0	0	0	0	0	275	0	0	0	0	0	0	0	0	988	893	2148	2813	2387	3713	5076	3215	2939	934	552	270	0	0	0	0	0	0	0	0	0	0	0	0	0	0	0	0	0	0	0	0	0
rnd-1_family-29	DNA	hAT-Ac	0	0	0	5921	12877	23882	18531	16355	31608	17001	12443	3331	5707	4933	4291	1733	643	2002	1806	0	0	975	672	546	157	330	0	0	0	184	0	0	0	0	0	0	0	0	0	0	0	0	0	0	0	0	0	0	0	0
rnd-5_family-592	Unknown	Unknown	0	0	0	0	0	0	0	0	170	0	297	164	274	296	1073	958	2071	2386	2154	1430	2774	708	703	862	528	124	122	0	0	0	0	0	0	0	0	0	0	0	0	0	0	0	0	0	0	0	0	0	0	0
rnd-1_family-19	DNA	TcMar-Tc1	713	723	728	964	510	914	619	412	524	204	303	211	6	10	0	0	0	0	0	0	0	0	0	0	0	0	0	0	0	0	0	0	0	0	0	0	0	0	0	0	0	0	0	0	0	0	0	0	0	0
rnd-1_family-74	Unknown	Unknown	0	0	0	0	0	0	0	0	51	0	0	0	42	0	0	0	0	0	53	46	0	0	0	0	0	0	0	0	0	0	0	0	0	0	0	0	0	0	0	0	0	0	0	0	0	0	0	0	0	0
rnd-6_family-8475	Unknown	Unknown	0	0	0	0	0	0	0	0	925	0	127	0	646	1634	2098	5543	4414	6326	6563	6466	6419	3080	1605	1239	0	132	0	138	0	0	0	0	0	0	0	0	0	0	0	0	0	0	0	0	0	0	0	0	0	0
rnd-4_family-218	Unknown	Unknown	0	66	584	2021	14195	14403	18473	17233	10783	13208	16044	11341	27726	7431	6978	4723	4722	1401	80	1074	0	0	135	0	0	0	0	0	0	0	0	0	0	0	0	0	0	0	0	0	0	0	0	0	0	0	0	0	0	0
rnd-6_family-1860	Unknown	Unknown	0	4009	8215	1999	1685	7086	10685	1360	1461	41	70	224	220	405	1053	546	828	1792	2369	1932	3002	1348	3344	1490	804	594	51	106	15	19	70	0	0	0	0	0	0	0	0	0	0	0	0	0	0	0	0	0	0	0
rnd-4_family-208	Unknown	Unknown	0	0	41	0	0	56	0	0	89	0	37	167	360	595	518	836	1124	1162	2469	1839	2010	2370	2258	2288	2824	2521	849	638	1701	317	420	262	0	0	0	0	0	0	0	0	0	0	0	0	0	0	0	0	0	0
rnd-6_family-8842	Unknown	Unknown	0	0	0	92	44	92	96	118	163	787	862	530	879	1729	3340	4702	6770	8780	11708	13990	11981	11964	6215	3175	3530	2910	409	346	87	171	0	0	0	0	0	0	0	0	0	0	0	0	0	0	0	0	0	0	0	0
rnd-1_family-7	Unknown	Unknown	0	2313	3366	6452	3092	2115	1639	1816	4514	3045	827	2417	5165	6650	7584	4790	6317	5732	1844	1696	1737	2819	1093	567	215	584	438	0	0	0	0	0	0	0	0	0	0	0	0	0	0	0	0	0	0	0	0	0	0	0
rnd-6_family-385	Unknown	Unknown	67	0	16791	0	1773	393	0	1339	0	4873	4926	3575	2292	1054	2821	555	1063	190	487	634	131	210	44	33	184	0	0	0	0	0	0	0	0	0	0	0	0	0	0	0	0	0	0	0	0	0	0	0	0	0
rnd-1_family-16	Unknown	Unknown	0	0	1604	881	4533	0	0	1562	1325	4089	3267	7364	4046	4831	2078	2963	3881	2610	3447	1366	1964	851	2132	60	277	805	0	38	0	0	0	0	0	0	0	0	0	0	0	0	0	0	0	0	0	0	0	0	0	0
rnd-4_family-49	Unknown	Unknown	36	55	91	58	43	91	801	910	1193	1851	2606	3425	5108	5595	6194	5561	6072	6547	4980	3361	3460	2698	1526	1347	612	143	150	0	125	0	0	0	0	0	0	0	0	0	0	0	0	0	0	0	0	0	0	0	0	0
rnd-6_family-719	Unknown	Unknown	169	0	124	554	519	1578	3712	4009	4161	3479	730	394	692	646	180	167	223	0	0	0	0	179	0	0	0	0	0	0	0	0	0	0	0	0	0	0	0	0	0	0	0	0	0	0	0	0	0	0	0	0
rnd-1_family-64	Unknown	Unknown	0	0	3744	3082	1033	0	0	364	332	343	1924	4296	1054	1090	629	329	1379	322	484	119	1451	1164	745	869	0	697	0	0	0	0	0	0	0	0	0	0	0	0	0	0	0	0	0	0	0	0	0	0	0	0
rnd-5_family-855	Unknown	Unknown	0	0	0	0	0	0	0	0	47	253	868	0	262	160	220	0	1864	1420	1589	663	2418	2261	2573	2145	2257	2530	1979	2249	1200	1333	381	484	0	36	0	0	0	0	0	0	0	0	0	0	0	0	0	0	0	0
rnd-6_family-6207	Unknown	Unknown	0	0	0	0	0	0	0	0	0	0	0	0	0	320	0	0	65	0	105	0	56	294	119	425	438	937	1429	1614	1127	1652	679	717	643	873	0	348	216	0	0	0	0	0	0	0	0	0	0	0	0	0
rnd-5_family-6003	Unknown	Unknown	656	218	218	364	736	300	0	264	0	0	0	138	0	0	0	21	250	871	908	869	1392	2054	1674	1536	1268	1582	1019	580	143	183	235	23	0	0	0	0	0	0	0	0	0	0	0	0	0	0	0	0	0	0
rnd-1_family-38	Unknown	Unknown	0	59	0	127	433	355	1529	722	1285	2265	112	688	355	61	185	46	124	116	0	0	0	0	58	0	0	0	0	0	0	0	0	0	0	0	0	0	0	0	0	0	0	0	0	0	0	0	0	0	0	0
rnd-1_family-15	Unknown	Unknown	0	0	0	0	0	0	117	210	273	312	1390	1818	3902	1592	1129	2211	2203	5843	878	1323	135	361	2366	1154	40	162	757	0	0	0	168	0	0	0	0	0	0	0	0	0	0	0	0	0	0	0	0	0	0	0
rnd-1_family-8	Unknown	Unknown	0	4764	2787	13692	5745	0	8285	11239	14189	7080	2794	6204	5358	6725	2800	4780	10644	6484	4533	4738	2403	2860	1017	865	2190	0	0	52	165	0	0	0	0	0	0	0	0	0	0	0	0	0	0	0	0	0	0	0	0	0
rnd-4_family-193	Unknown	Unknown	0	0	0	0	0	0	0	54	145	117	167	181	1032	1375	2197	3965	6341	10732	17209	17933	20829	16974	15039	11317	4813	2455	1064	991	139	108	185	154	0	0	0	0	0	0	0	0	0	0	0	0	0	0	0	0	0	0
rnd-5_family-3861	Unknown	Unknown	0	0	0	0	0	0	0	0	0	0	0	0	341	460	97	473	144	800	743	731	1433	304	1710	1863	1704	1155	280	712	243	155	0	151	0	0	0	0	0	0	0	0	0	0	0	0	0	0	0	0	0	0
rnd-5_family-626	Unknown	Unknown	0	0	0	0	0	0	50	53	0	1118	154	389	618	1607	1797	2901	2009	2840	4345	5665	6726	4859	6224	4407	4696	4222	3119	1843	588	236	204	0	0	0	0	0	0	0	0	0	0	0	0	0	0	0	0	0	0	0
rnd-1_family-5	Unknown	Unknown	0	0	0	0	0	0	0	0	0	0	0	0	0	0	0	0	0	0	0	62	0	0	0	0	0	0	0	0	0	0	0	0	0	0	0	0	0	0	0	0	0	0	0	0	0	0	0	0	0	0
rnd-5_family-2260	Unknown	Unknown	0	0	0	0	0	0	248	0	0	0	0	333	163	0	55	172	51	338	0	248	130	176	56	0	268	283	201	90	78	0	0	0	0	0	0	0	0	0	0	0	0	0	0	0	0	0	0	0	0	0
rnd-6_family-3801	DNA	TcMar-Mariner	0	0	36	101	45	1655	869	539	724	2103	4282	6290	7965	12309	8100	5039	5902	4834	1226	1220	1284	842	364	186	0	41	214	0	0	0	247	109	97	111	133	0	0	0	0	0	0	0	0	0	0	0	0	0	0	0
rnd-5_family-4866	LTR	Copia	0	0	0	0	0	0	5327	2763	0	2631	1551	2620	6446	8329	7250	8432	8402	12272	11530	4711	3974	2586	1700	915	95	118	0	0	0	0	0	0	0	0	0	0	0	0	0	0	0	0	0	0	0	0	0	0	0	0
rnd-1_family-70	Unknown	Unknown	0	91	88	182	491	364	273	0	174	191	0	107	84	0	0	0	0	0	0	0	0	0	0	0	0	0	0	0	0	0	0	0	0	0	0	0	0	0	0	0	0	0	0	0	0	0	0	0	0	0
rnd-5_family-1068	DNA	TcMar-Mariner	2492	586	16286	14744	4313	24964	6962	2644	1118	8697	2883	2798	4410	2074	2214	1008	2944	5547	5424	3606	7348	3825	8079	5835	8205	5995	5217	4896	1772	1400	1375	900	158	0	0	0	0	0	0	0	0	0	0	0	0	0	0	0	0	0
rnd-1_family-79	Unknown	Unknown	0	0	0	0	0	0	0	0	0	0	83	0	0	0	0	79	71	0	0	0	0	0	0	0	0	0	0	0	0	0	0	0	0	0	0	0	0	0	0	0	0	0	0	0	0	0	0	0	0	0
rnd-6_family-2979	Unknown	Unknown	0	0	0	0	0	2137	3105	2392	116	0	0	53	58	289	195	170	681	603	1899	1846	3727	4404	6366	7967	6221	5963	2938	2186	2123	1783	1067	245	115	0	0	0	0	0	0	0	0	0	0	0	0	0	0	0	0	0
rnd-1_family-67	Unknown	Unknown	0	0	0	0	0	0	0	470	1613	1255	1296	283	570	784	249	420	571	0	0	0	0	0	0	0	0	0	0	0	0	160	0	0	0	0	0	0	0	0	0	0	0	0	0	0	0	0	0	0	0	0
rnd-4_family-659	Unknown	Unknown	0	0	0	0	0	284	0	42	0	0	0	0	0	0	276	178	79	564	623	310	709	160	487	1161	663	498	903	355	341	243	0	0	0	0	0	0	0	0	0	0	0	0	0	0	0	0	0	0	0	0
rnd-1_family-34	Unknown	Unknown	0	0	0	0	0	0	0	0	0	0	0	0	0	0	0	0	0	123	0	0	0	0	80	315	264	172	0	0	195	451	201	0	0	0	0	0	0	0	0	0	0	0	0	0	0	0	0	0	0	0
rnd-1_family-46	Unknown	Unknown	37	0	0	51	438	193	191	211	282	188	200	162	231	123	91	105	98	45	0	51	0	0	98	0	0	0	0	0	0	0	0	0	0	0	0	0	0	0	0	0	0	0	0	0	0	0	0	0	0	0
rnd-1_family-28	Unknown	Unknown	0	0	0	0	0	0	0	0	113	33	170	0	84	45	70	0	249	67	71	160	210	239	0	0	0	0	0	156	0	0	0	0	0	0	0	0	0	0	0	0	0	0	0	0	0	0	0	0	0	0
rnd-1_family-63	Unknown	Unknown	0	161	0	271	50	317	191	101	141	48	49	0	0	0	51	0	0	0	0	0	0	0	0	0	0	0	0	0	0	0	0	0	0	0	0	0	0	0	0	0	0	0	0	0	0	0	0	0	0	0
rnd-6_family-376	Unknown	Unknown	0	393	37	460	472	0	463	477	183	188	138	123	116	0	252	184	310	218	0	63	0	0	0	0	0	0	0	0	0	0	0	0	0	0	0	0	0	0	0	0	0	0	0	0	0	0	0	0	0	0
rnd-1_family-81	Unknown	Unknown	0	0	0	0	0	0	0	0	0	0	40	70	205	207	120	103	53	59	165	102	26	111	215	0	171	114	107	0	0	0	0	0	0	0	0	0	0	0	0	0	0	0	0	0	0	0	0	0	0	0
rnd-5_family-3449	DNA	TcMar-Tc1	0	0	0	0	0	37	0	0	0	303	1555	896	1028	5668	9425	14101	16346	10600	12451	10167	8835	4145	3356	1437	3087	478	826	951	526	1421	711	912	800	444	0	0	0	0	0	0	0	0	0	0	0	0	0	0	0	0
rnd-5_family-4175	Unknown	Unknown	0	0	0	0	0	1105	70	93	53	149	187	0	489	364	1641	1348	3594	3478	5343	5086	3986	5131	6042	6134	5009	3998	1987	939	150	0	425	177	0	0	0	0	0	0	0	0	0	0	0	0	0	0	0	0	0	0
rnd-4_family-54	Unknown	Unknown	0	4026	620	15371	5423	12747	17165	6986	9168	5039	5617	3790	4000	4815	3643	2132	559	2151	2813	3242	501	1025	187	100	0	252	60	0	0	0	0	0	0	0	0	0	0	0	0	0	0	0	0	0	0	0	0	0	0	0
rnd-5_family-8477	Unknown	Unknown	0	0	34	0	0	0	53	0	0	0	203	445	135	498	1118	647	2103	1801	1618	1472	975	1258	1324	335	380	0	123	0	0	64	0	0	0	0	0	0	0	0	0	0	0	0	0	0	0	0	0	0	0	0
rnd-6_family-3171	DNA	Merlin	0	0	0	0	0	0	0	0	63	65	0	0	0	478	157	363	701	1362	908	2322	1169	1360	2397	2088	812	1226	911	191	416	38	0	0	0	0	0	0	0	0	0	0	0	0	0	0	0	0	0	0	0	0
rnd-1_family-72	Unknown	Unknown	0	0	1504	2553	388	829	4473	1332	744	4664	1847	927	392	1147	700	374	0	189	161	494	178	1226	914	1123	1723	1863	1230	712	1210	860	0	0	0	0	0	0	0	0	0	0	0	0	0	0	0	0	0	0	0	0
rnd-1_family-12	DNA	TcMar-Tc1	0	131	167	894	1814	9712	11873	7630	4634	7064	3874	3763	2312	1315	753	666	644	102	0	67	1489	882	2647	2872	4800	1858	504	0	0	250	0	0	0	0	0	0	0	0	0	0	0	0	0	0	0	0	0	0	0	0
rnd-5_family-1071	LTR	Copia	0	0	0	8103	9714	3417	1001	3752	6021	8691	9009	15788	12776	5537	2815	4738	4197	12167	6835	6622	4734	7916	3539	3049	1096	2019	740	121	95	312	0	0	0	0	0	0	0	0	0	0	0	0	0	0	0	0	0	0	0	0
rnd-1_family-44	DNA	TcMar-Tc1	0	0	243	0	976	2275	4353	7852	9301	9022	1217	2105	1174	1462	755	248	115	363	498	0	2055	2148	1604	3254	2270	1640	1617	508	0	0	237	0	0	0	0	0	0	0	0	0	0	0	0	0	0	0	0	0	0	0
rnd-1_family-54	Unknown	Unknown	0	0	35	0	0	185	65	0	0	0	65	183	0	58	0	0	0	0	0	0	0	77	0	0	0	0	0	0	0	0	0	0	0	0	0	0	0	0	0	0	0	0	0	0	0	0	0	0	0	0
rnd-6_family-2604	Unknown	Unknown	0	0	0	0	0	0	0	0	50	212	0	331	199	599	374	660	1108	1054	1290	931	1054	1241	1382	838	1043	409	107	206	92	0	75	0	0	0	0	0	0	0	0	0	0	0	0	0	0	0	0	0	0	0
rnd-5_family-3874	Unknown	Unknown	0	0	173	491	140	2023	3179	4866	3332	2584	4404	2276	1726	509	1128	951	864	457	874	0	228	0	38	39	298	0	0	0	0	0	0	0	0	0	0	0	0	0	0	0	0	0	0	0	0	0	0	0	0	0
rnd-5_family-87	Unknown	Unknown	0	0	0	0	0	0	281	0	0	0	0	55	0	0	273	303	707	537	289	554	359	374	941	615	942	1091	668	705	259	658	363	97	0	0	22	0	0	0	0	0	0	0	0	0	0	0	0	0	0	0
rnd-6_family-5780	Unknown	Unknown	8888	1894	3532	0	0	37	0	440	563	1096	2411	1297	2357	4807	12408	13981	14699	9641	11345	5824	11828	9513	7385	8867	4981	1977	216	182	21	0	28	0	0	0	0	0	0	0	0	0	0	0	0	0	0	0	0	0	0	0
rnd-1_family-59	Unknown	Unknown	0	851	3930	0	852	0	0	292	0	61	284	874	1014	1392	3269	1965	1470	1104	752	1661	1302	1379	1103	1489	328	645	125	0	19	0	0	0	0	0	0	0	0	0	0	0	0	0	0	0	0	0	0	0	0	0
rnd-1_family-32	Unknown	Unknown	0	0	0	0	0	1272	3501	3859	928	285	308	221	2724	494	322	1082	542	214	84	1623	1285	1682	1084	315	0	0	397	142	0	0	0	0	0	0	0	0	0	0	0	0	0	0	0	0	0	0	0	0	0	0
rnd-4_family-61	Unknown	Unknown	0	0	0	0	0	0	313	0	0	0	0	0	67	70	0	75	205	557	264	1047	373	860	405	849	1188	924	1380	985	404	167	39	180	156	0	0	0	0	0	0	0	0	0	0	0	0	0	0	0	0	0
rnd-6_family-4416	Unknown	Unknown	0	0	0	51	0	0	197	249	784	1118	1499	1574	1607	1615	903	922	1032	477	661	159	825	74	140	0	0	0	0	0	0	0	0	0	0	0	0	0	0	0	0	0	0	0	0	0	0	0	0	0	0	0
rnd-1_family-30	Unknown	Unknown	0	0	0	0	0	0	0	0	0	0	0	168	0	0	150	167	0	167	463	156	499	674	191	0	0	158	162	0	0	0	0	0	0	0	0	0	0	0	0	0	0	0	0	0	0	0	0	0	0	0
rnd-6_family-2293	Unknown	Unknown	0	0	0	0	0	0	0	146	0	0	60	862	1735	2398	4830	6365	6147	5206	4990	6550	4524	2550	1629	586	737	0	0	0	0	0	0	0	0	0	0	0	0	0	0	0	0	0	0	0	0	0	0	0	0	0
rnd-5_family-34	Unknown	Unknown	0	0	0	383	0	0	0	0	0	0	47	0	72	0	0	0	70	451	0	178	0	343	175	526	228	429	70	237	79	0	130	0	0	245	0	0	0	0	0	0	0	0	0	0	0	0	0	0	0	0
rnd-6_family-2493	Unknown	Unknown	0	0	0	0	0	0	0	0	230	643	145	73	505	308	227	658	2076	1688	2774	2595	3167	2255	2419	1963	799	86	0	0	0	0	0	0	0	0	0	0	0	0	0	0	0	0	0	0	0	0	0	0	0	0
rnd-6_family-6291	Unknown	Unknown	0	0	80	0	0	132	358	501	430	606	1074	2097	4930	4923	9646	9906	11621	7460	7636	2998	2934	1788	549	684	328	188	611	142	0	0	0	60	94	0	0	0	0	0	0	0	0	0	0	0	0	0	0	0	0	0
rnd-1_family-13	Unknown	Unknown	0	0	0	0	0	0	0	152	0	0	38	192	165	164	49	89	0	171	0	751	123	198	0	250	0	0	0	101	0	0	0	0	0	0	0	0	0	0	0	0	0	0	0	0	0	0	0	0	0	0
rnd-6_family-1316	Unknown	Unknown	0	0	0	0	197	0	0	0	0	0	0	0	0	0	0	134	146	77	343	423	59	701	300	339	352	255	310	331	0	0	0	0	0	0	0	0	0	0	0	0	0	0	0	0	0	0	0	0	0	0
rnd-1_family-82	Unknown	Unknown	0	0	0	0	0	0	0	0	58	55	125	55	56	1261	194	57	224	0	0	0	0	0	99	0	242	137	82	0	81	0	0	0	0	0	0	0	0	0	0	0	0	0	0	0	0	0	0	0	0	0
rnd-1_family-50	Unknown	Unknown	0	0	0	0	0	0	0	631	219	1739	0	0	0	0	0	228	288	145	219	0	0	0	364	0	0	0	0	0	0	0	0	0	0	0	0	0	0	0	0	0	0	0	0	0	0	0	0	0	0	0
rnd-5_family-7105	Unknown	Unknown	0	0	0	0	0	0	222	1643	278	1103	760	750	2485	2295	3722	4751	7795	8455	9486	8924	10831	10232	7686	5149	2662	2009	669	12	195	0	0	0	0	0	0	0	0	0	0	0	0	0	0	0	0	0	0	0	0	0
rnd-1_family-11	DNA	TcMar-Mariner	0	190	0	0	0	0	0	0	0	0	0	0	0	0	0	0	0	0	0	0	0	0	0	59	66	0	0	329	0	0	0	0	0	0	0	0	0	0	0	0	0	0	0	0	0	0	0	0	0	0
rnd-6_family-4732	Unknown	Unknown	0	0	0	0	0	0	0	0	0	0	0	1229	0	0	0	1037	1166	1304	613	1479	4796	3968	6939	6395	3198	2673	3440	856	126	25	41	10	9	0	0	0	0	0	0	0	0	0	0	0	0	0	0	0	0	0
rnd-6_family-1732	Unknown	Unknown	139	159	134	81	134	1103	2415	795	2106	1497	1498	1123	2272	1974	1417	877	876	213	68	280	103	0	176	0	0	0	0	0	0	0	0	0	0	0	0	0	0	0	0	0	0	0	0	0	0	0	0	0	0	0
rnd-6_family-758	Unknown	Unknown	0	3161	6804	2426	1312	848	4643	3412	1670	289	93	0	241	177	641	3045	1269	2318	1707	7180	1376	2467	660	327	73	0	336	0	0	0	0	0	0	0	0	0	0	0	0	0	0	0	0	0	0	0	0	0	0	0
rnd-4_family-852	Unknown	Unknown	0	0	0	0	0	0	0	0	0	95	75	252	426	379	244	948	905	848	1622	2663	3653	4182	2715	2160	2665	2368	378	369	0	706	506	233	0	0	0	0	0	0	0	0	0	0	0	0	0	0	0	0	0	0
rnd-1_family-4	Unknown	Unknown	0	0	0	0	0	0	0	188	0	876	2210	1764	4791	6800	4909	8691	8712	10089	6568	6884	6080	7763	7371	4928	4002	3079	1895	2281	1022	535	254	77	147	33	0	0	0	0	0	0	0	0	0	0	0	0	0	0	0	0
rnd-5_family-4290	Unknown	Unknown	0	0	0	2209	1574	552	0	174	159	4074	3622	8358	6962	14495	9688	27006	26652	12580	13061	2402	2718	14	136	0	0	0	0	0	0	0	0	0	0	0	0	0	0	0	0	0	0	0	0	0	0	0	0	0	0	0
rnd-4_family-276	Unknown	Unknown	0	0	38	0	427	0	0	80	0	0	102	172	111	298	215	363	916	947	494	1736	3078	3486	4650	6939	6554	6112	7468	7876	5517	5928	4191	2195	1722	994	165	519	0	0	0	0	0	0	0	0	0	0	0	0	0	0
rnd-6_family-3141	Unknown	Unknown	0	0	0	0	0	0	0	0	0	0	764	343	0	335	651	295	0	433	246	216	1079	2253	1209	633	559	1078	1541	907	226	284	0	0	0	0	0	0	0	0	0	0	0	0	0	0	0	0	0	0	0	0
rnd-5_family-1274	DNA	TcMar-Mariner	0	0	6636	131	1772	2528	3674	2358	2442	1572	1447	3315	1297	3149	3435	3008	1993	1212	933	1717	1862	981	836	887	192	348	62	0	74	44	0	0	0	0	0	0	0	0	0	0	0	0	0	0	0	0	0	0	0	0
rnd-1_family-49	Unknown	Unknown	0	0	0	0	140	272	546	280	1343	3409	3384	2303	2352	1930	2152	1806	1760	1522	891	805	756	1103	384	450	874	536	264	249	135	0	76	202	0	0	0	0	0	0	0	0	0	0	0	0	0	0	0	0	0	0
rnd-1_family-33	Unknown	Unknown	12688	4497	1507	4318	244	4254	3999	6074	6758	4257	3897	2860	1950	2569	2633	3635	1837	3965	2817	2778	1431	1513	294	515	79	101	78	0	0	125	0	0	0	0	0	0	0	0	0	0	0	0	0	0	0	0	0	0	0	0
rnd-1_family-24	Unknown	Unknown	0	0	0	0	0	510	1217	4688	2377	696	1692	432	3915	3253	3460	1287	3927	1757	2124	1462	2958	2105	1582	746	129	0	61	192	0	0	0	0	0	0	0	0	0	0	0	0	0	0	0	0	0	0	0	0	0	0
rnd-6_family-10426	Unknown	Unknown	19790	14654	0	0	0	0	0	0	626	104	1718	4124	7011	3071	5566	3994	8850	11088	12217	8303	13660	11228	12007	3265	2754	451	0	0	0	219	0	0	0	0	0	0	0	0	0	0	0	0	0	0	0	0	0	0	0	0
rnd-5_family-3065	LTR	Copia	0	5566	0	654	0	0	0	0	115	272	307	468	385	1833	653	2491	4041	6049	6375	6110	11858	8590	7001	5382	2137	2704	1025	751	110	50	72	190	119	0	0	0	0	0	0	0	0	0	0	0	0	0	0	0	0	0
rnd-6_family-972	Unknown	Unknown	0	0	0	0	0	0	49	52	119	109	546	1151	1590	2239	1581	3018	2460	1903	2277	3521	1400	397	457	120	0	0	0	0	0	0	0	0	0	0	0	0	0	0	0	0	0	0	0	0	0	0	0	0	0	0
rnd-5_family-961	Unknown	Unknown	0	0	0	0	79	565	0	56	121	58	0	175	113	339	609	696	990	688	1786	1796	2616	2094	1154	1759	1980	988	1404	730	316	372	197	106	0	136	0	0	0	0	0	0	0	0	0	0	0	0	0	0	0	0
rnd-5_family-111	Unknown	Unknown	0	0	0	59	53	0	0	192	428	151	56	659	662	1617	2445	3468	3863	5167	3738	1488	3080	544	0	445	103	0	0	0	0	0	0	0	0	0	0	0	0	0	0	0	0	0	0	0	0	0	0	0	0	0
rnd-1_family-56	Unknown	Unknown	0	282	447	193	808	792	984	983	1575	1050	768	1265	1203	756	0	195	127	64	121	71	0	71	0	0	0	73	0	0	0	0	0	0	0	0	0	0	0	0	0	0	0	0	0	0	0	0	0	0	0	0
rnd-6_family-1952	Unknown	Unknown	0	0	0	55	0	0	383	565	0	1192	573	1509	2963	1064	1103	1655	1811	805	0	328	0	0	214	0	0	0	0	0	0	0	0	0	0	0	0	0	0	0	0	0	0	0	0	0	0	0	0	0	0	0
rnd-6_family-241	Unknown	Unknown	0	0	0	256	0	0	0	0	62	0	104	0	287	0	178	248	0	491	878	594	537	1331	1748	1052	1749	2044	813	1502	835	897	312	129	197	0	0	0	0	0	0	0	0	0	0	0	0	0	0	0	0	0
rnd-3_family-2	DNA	TcMar-Tc1	37	0	0	51	0	0	0	250	532	464	1199	1703	14105	46042	76837	36665	39426	24387	20669	15955	18182	11216	16275	16770	18686	14435	9077	3524	2436	1508	0	116	140	0	0	0	0	0	0	0	0	0	0	0	0	0	0	0	0	0
rnd-1_family-47	Unknown	Unknown	0	0	0	0	0	1427	1792	298	3010	3322	2742	423	3352	0	0	84	0	0	0	0	0	0	0	0	0	0	0	0	0	0	0	0	0	0	0	0	0	0	0	0	0	0	0	0	0	0	0	0	0	0
rnd-1_family-48	Unknown	Unknown	0	0	0	0	0	1218	4627	32	1203	3283	59	745	1026	1815	2979	314	453	2502	4025	2925	418	3122	793	1385	1780	461	162	270	0	0	0	0	0	0	0	0	0	0	0	0	0	0	0	0	0	0	0	0	0	0
rnd-4_family-94	RC	Helitron	0	0	0	0	0	0	240	150	629	1417	3429	2407	7597	7392	7892	17411	23976	24788	16229	22212	25186	23168	26197	27753	18068	10450	7721	4470	2967	561	185	92	105	0	0	0	0	0	0	0	0	0	0	0	0	0	0	0	0	0
rnd-5_family-4214	Unknown	Unknown	0	0	756	4067	15862	11217	10455	7070	5700	6096	8601	9895	12243	5972	1326	3820	1711	1086	2358	1187	1443	540	289	0	211	0	0	0	0	0	0	0	0	0	0	0	0	0	0	0	0	0	0	0	0	0	0	0	0	0
rnd-2_family-33	Unknown	Unknown	0	0	40	89	75	52	43	133	398	267	493	1713	3917	2870	5180	9866	15104	21854	26474	40642	51046	51331	52604	53067	44219	34224	17524	11424	5268	1865	684	292	372	0	0	0	0	0	0	0	0	0	0	0	0	0	0	0	0	0
rnd-5_family-120	LTR	Copia	0	0	0	55	0	60	0	96	275	174	5628	4778	11105	3352	5801	10805	13561	18729	25868	10165	4122	3482	1022	1249	440	513	138	283	0	0	0	0	0	0	0	0	0	0	0	0	0	0	0	0	0	0	0	0	0	0
rnd-1_family-10	Unknown	Unknown	0	0	0	0	0	0	0	0	0	133	859	590	1067	3694	5411	4796	11592	14409	16120	22304	20041	17521	14429	10215	6886	3932	2019	1788	655	38	300	51	0	0	0	0	0	0	0	0	0	0	0	0	0	0	0	0	0	0
rnd-1_family-36	Unknown	Unknown	10234	0	0	0	0	0	0	0	0	0	0	0	0	67	177	133	359	171	343	476	498	510	276	696	644	461	605	302	487	101	176	0	0	0	0	0	0	0	0	0	0	0	0	0	0	0	0	0	0	0
rnd-5_family-5894	Unknown	Unknown	0	0	4792	0	1604	13141	11270	5136	2109	2060	881	473	0	878	574	0	93	343	0	890	0	793	626	2059	540	0	0	0	0	0	0	0	0	0	0	0	0	0	0	0	0	0	0	0	0	0	0	0	0	0
rnd-1_family-52	Unknown	Unknown	0	0	0	0	0	0	193	0	0	1979	2135	3634	5640	2107	913	1441	1812	2961	3125	3673	2589	3886	2217	1577	468	708	212	352	0	0	0	0	0	0	0	0	0	0	0	0	0	0	0	0	0	0	0	0	0	0
rnd-1_family-58	Unknown	Unknown	225	90	78	69	219	292	842	4224	1983	1261	1860	942	2536	1814	1130	848	1488	1598	397	1513	695	136	78	116	0	0	0	0	0	0	0	0	0	0	0	0	0	0	0	0	0	0	0	0	0	0	0	0	0	0
rnd-4_family-917	Unknown	Unknown	6748	63705	18133	1725	275	870	390	343	2433	4331	3819	16057	5174	5838	3121	4453	4942	8667	10838	19525	39619	45700	40006	35313	25640	12694	9464	5868	4390	1947	901	874	190	0	0	0	0	0	0	0	0	0	0	0	0	0	0	0	0	0
rnd-1_family-61	Unknown	Unknown	0	0	0	0	0	0	0	0	0	0	0	79	0	0	0	0	0	0	0	0	0	0	0	0	0	0	0	0	0	0	0	0	0	0	0	0	0	0	0	0	0	0	0	0	0	0	0	0	0	0
rnd-6_family-35	Unknown	Unknown	0	0	0	0	0	0	0	542	0	69	0	0	0	64	104	0	78	82	173	0	652	560	732	235	508	1035	490	199	124	143	0	0	105	0	0	0	0	0	0	0	0	0	0	0	0	0	0	0	0	0
rnd-1_family-42	Unknown	Unknown	0	331	370	1318	3917	0	1319	662	1959	3159	3398	4699	3699	925	2550	697	875	443	710	222	1276	706	1158	2213	1995	968	120	508	195	0	193	0	0	0	0	0	0	0	0	0	0	0	0	0	0	0	0	0	0	0
rnd-5_family-518	Unknown	Unknown	0	0	0	0	0	0	82	56	73	202	241	444	1630	844	2011	2200	2952	5548	6657	5474	6370	5579	6334	1930	3938	852	1156	375	219	738	153	570	0	0	0	0	0	0	0	0	0	0	0	0	0	0	0	0	0	0
rnd-5_family-2715	DNA	TcMar-Mariner	0	0	0	0	0	97	315	583	350	494	1689	2399	2541	3535	4962	4797	2040	2616	4171	1992	2209	1013	1048	450	322	791	107	0	0	0	0	0	0	0	0	0	0	0	0	0	0	0	0	0	0	0	0	0	0	0
rnd-5_family-1919	DNA	CMC-EnSpm	0	48468	9115	3254	4488	1400	2238	2002	2404	1126	2797	1256	2487	1580	1691	975	683	1159	318	186	385	277	100	0	0	0	0	0	0	0	0	0	0	0	0	0	0	0	0	0	0	0	0	0	0	0	0	0	0	0
rnd-6_family-1867	Unknown	Unknown	0	0	0	0	0	6026	2648	813	2410	1631	477	3471	2271	3716	86	2059	677	6470	2746	1746	2998	3130	2345	2013	1575	628	75	0	0	0	0	0	0	0	0	0	0	0	0	0	0	0	0	0	0	0	0	0	0	0
rnd-1_family-68	Unknown	Unknown	0	53	0	0	0	0	0	0	0	0	0	0	0	0	0	0	0	0	0	0	0	0	0	0	0	0	0	0	0	0	0	0	0	0	0	0	0	0	0	0	0	0	0	0	0	0	0	0	0	0
rnd-6_family-72	Unknown	Unknown	0	0	0	0	0	0	6758	7314	0	0	0	261	62	0	445	386	729	985	1950	1776	2118	3280	2350	2894	1939	1669	1045	828	608	0	0	0	0	0	0	0	0	0	0	0	0	0	0	0	0	0	0	0	0	0
rnd-6_family-297	Unknown	Unknown	0	0	0	0	0	0	0	0	0	0	155	132	996	918	1385	957	2863	5675	2782	3605	2507	1817	902	1364	286	116	172	0	0	0	0	0	0	0	0	0	0	0	0	0	0	0	0	0	0	0	0	0	0	0
rnd-1_family-57	Unknown	Unknown	0	0	0	0	74	0	0	0	2620	693	612	1096	999	796	1309	1073	1217	650	0	661	87	311	530	83	0	0	0	0	0	0	0	0	0	0	0	0	0	0	0	0	0	0	0	0	0	0	0	0	0	0
rnd-5_family-429	Unknown	Unknown	0	0	0	0	63	0	149	110	322	336	147	406	257	122	233	190	0	249	307	63	65	0	0	0	0	0	0	0	0	0	0	0	0	0	0	0	0	0	0	0	0	0	0	0	0	0	0	0	0	0
rnd-6_family-645	Unknown	Unknown	0	0	0	5122	2182	11247	6252	3431	1496	783	0	4713	103	15	1076	1721	1685	2549	3760	4046	2743	2167	2786	1308	4643	1905	2461	2203	214	10	421	81	0	0	0	0	0	0	0	0	0	0	0	0	0	0	0	0	0	0
rnd-1_family-76	Unknown	Unknown	0	0	0	0	0	0	0	793	494	874	809	1748	2165	5872	5298	4602	4724	4035	1000	747	0	324	0	0	0	0	0	0	0	0	0	0	0	0	0	0	0	0	0	0	0	0	0	0	0	0	0	0	0	0
rnd-1_family-6	Unknown	Unknown	0	0	0	211	1613	900	935	3688	4672	2117	6096	5291	6626	4139	1444	1388	809	838	929	38	69	69	0	0	0	0	0	0	0	0	0	0	0	0	0	0	0	0	0	0	0	0	0	0	0	0	0	0	0	0
rnd-5_family-3965	Unknown	Unknown	0	0	34	0	0	0	0	316	88	101	57	102	357	778	434	1409	1748	1811	1583	1630	1716	1976	1120	1050	1388	158	356	0	139	0	51	0	0	0	0	0	0	0	0	0	0	0	0	0	0	0	0	0	0	0
rnd-5_family-1546	Unknown	Unknown	0	0	0	0	0	0	0	329	0	1110	107	1516	3483	7725	15830	23247	34910	38673	50025	31218	29690	15820	16915	8195	6715	3442	2350	1485	238	413	1020	0	0	84	0	0	0	0	0	0	0	0	0	0	0	0	0	0	0	0
rnd-5_family-1070	Unknown	Unknown	0	0	2188	6410	4108	1168	210	3759	3217	2117	824	35	358	1572	859	509	442	993	438	354	220	280	50	0	0	117	0	58	0	0	0	0	0	0	0	0	0	0	0	0	0	0	0	0	0	0	0	0	0	0
rnd-4_family-756	LTR	Gypsy	0	0	0	0	0	0	341	0	0	0	0	0	0	0	0	131	0	219	0	193	285	588	356	584	1943	921	655	809	318	632	420	149	274	251	0	148	133	0	0	0	0	0	0	0	0	0	0	0	0	0
rnd-1_family-17	Unknown	Unknown	166	106	5750	9786	6147	6467	9459	10416	4271	3221	4304	7720	8868	6221	5701	2556	4083	5556	3126	2548	731	1528	904	597	342	383	347	0	0	0	0	0	0	0	0	0	0	0	0	0	0	0	0	0	0	0	0	0	0	0
rnd-6_family-12143	Unknown	Unknown	0	0	5558	1627	1437	0	2375	0	0	2225	1520	0	105	417	1434	2135	1474	1353	725	146	247	355	187	177	0	0	0	0	0	0	0	0	0	0	0	0	0	0	0	0	0	0	0	0	0	0	0	0	0	0
rnd-5_family-1088	Unknown	Unknown	0	0	0	785	90	112	178	187	332	440	1220	889	1175	1461	1340	2209	2622	3461	2978	2328	2409	2036	872	342	589	495	766	160	0	0	108	0	0	0	0	0	0	0	0	0	0	0	0	0	0	0	0	0	0	0
rnd-1_family-1	DNA	TcMar-Mariner	1851	22037	213660	127045	22632	2611	236	0	0	0	0	117	0	0	0	0	0	0	0	0	0	0	0	72	0	0	237	320	1130	115	891	0	1276	856	779	0	0	0	0	0	0	0	0	0	0	0	0	0	0	0
rnd-5_family-251	DNA	TcMar-Mariner	0	0	0	0	42	0	177	42	528	1106	1247	2900	2886	4229	3961	5885	3236	1571	1628	2009	791	207	303	0	61	0	0	0	0	0	0	0	0	0	0	0	0	0	0	0	0	0	0	0	0	0	0	0	0	0
rnd-1_family-25	DNA	TcMar-Tc1	215	640	592	2009	3480	7387	14652	9958	6306	2422	1322	1379	1190	506	245	135	0	0	0	528	614	2102	2887	2783	2402	2169	206	0	0	0	0	0	0	0	0	0	0	0	0	0	0	0	0	0	0	0	0	0	0	0
rnd-6_family-284	Unknown	Unknown	56	112	440	365	3471	7409	5995	3673	2568	1054	1423	241	1387	799	712	1376	363	0	323	334	123	151	0	0	0	0	0	0	0	0	0	0	0	0	0	0	0	0	0	0	0	0	0	0	0	0	0	0	0	0
rnd-1_family-26	Unknown	Unknown	0	202	350	6347	5447	1772	1937	2716	11065	10612	13162	10000	8568	3376	3810	1250	2120	1498	1935	766	1074	98	482	903	125	0	758	379	0	0	0	0	0	0	0	0	0	0	0	0	0	0	0	0	0	0	0	0	0	0
rnd-6_family-7121	Unknown	Unknown	0	0	0	304	0	0	0	0	0	55	136	179	0	0	180	179	153	581	203	441	407	458	645	605	868	649	663	211	0	106	0	0	0	0	100	0	0	0	0	0	0	0	0	0	0	0	0	0	0	0
rnd-5_family-3073	Unknown	Unknown	0	0	0	53	0	0	63	0	0	0	324	524	786	1079	1895	1421	2338	2199	2389	1680	1025	1196	364	680	0	0	0	0	0	0	0	0	0	0	0	0	0	0	0	0	0	0	0	0	0	0	0	0	0	0
rnd-4_family-109	Unknown	Unknown	0	0	0	0	0	0	0	341	0	0	105	60	146	53	0	473	338	499	450	513	807	646	668	1386	843	568	367	399	421	30	435	206	138	0	0	0	0	0	0	0	0	0	0	0	0	0	0	0	0	0
rnd-4_family-303	Unknown	Unknown	0	0	213	146	7985	12809	8554	7702	4887	6501	5405	2482	2380	2042	1520	1977	2958	3981	3745	5524	4150	6089	6215	4286	2663	712	1413	534	318	0	243	0	0	0	0	0	0	0	0	0	0	0	0	0	0	0	0	0	0	0
