			% of divergence bins:
Rname	Rclass	Rfam	[0;1[	[1;2[	[2;3[	[3;4[	[4;5[	[5;6[	[6;7[	[7;8[	[8;9[	[9;10[	[10;11[	[11;12[	[12;13[	[13;14[	[14;15[	[15;16[	[16;17[	[17;18[	[18;19[	[19;20[	[20;21[	[21;22[	[22;23[	[23;24[	[24;25[	[25;26[	[26;27[	[27;28[	[28;29[	[29;30[	[30;31[	[31;32[	[32;33[	[33;34[	[34;35[	[35;36[	[36;37[	[37;38[	[38;39[	[39;40[

rnd-1_family-30	Unknown	Unknown	0	0	0	0	0	0	0	0	0	0	0	0	0	0	150	167	0	167	314	168	499	337	192	0	0	158	0	162	0	0	0	0	0	0	0	0	0	0	0	0
rnd-6_family-6680	Unknown	Unknown	0	0	0	0	1984	500	500	1979	85	3002	4147	1215	1178	969	1013	2256	8919	4222	726	0	0	0	0	0	0	0	0	0	0	0	0	0	0	0	0	0	0	0	0	0
rnd-5_family-975	Unknown	Unknown	0	0	0	426	44	1136	5518	71	7055	2208	0	94	264	100	324	1314	1964	3803	5830	7345	3807	5371	4858	6334	6714	5177	4294	4724	2473	1159	766	485	149	18	97	0	0	0	0	0
rnd-5_family-337	Unknown	Unknown	0	0	0	31	0	0	63	73	0	0	0	198	832	600	700	1699	2059	578	2240	2208	3103	1588	994	1036	755	0	129	151	0	0	0	0	0	0	0	0	0	0	0	0
rnd-4_family-546	DNA	PiggyBac	0	0	41	120	57	196	197	1512	1656	2763	1822	7202	8444	9578	13811	11885	9473	8804	14392	8694	5996	7558	3153	2301	959	695	117	103	0	391	758	0	0	0	0	0	0	0	0	0
rnd-1_family-60	Unknown	Unknown	0	0	0	0	0	0	0	0	0	0	0	0	0	0	0	13	0	0	0	0	0	0	0	0	0	0	0	0	0	0	0	0	0	0	0	0	0	0	0	0
rnd-4_family-945	DNA	TcMar-Mariner	0	0	150	2380	838	2273	23523	3965	598	3099	4426	4097	6032	4315	2532	4914	4951	7207	7488	8986	7794	6185	3202	1224	427	917	346	209	61	0	52	45	65	0	184	0	0	0	0	0
rnd-1_family-52	Unknown	Unknown	0	0	0	0	0	0	188	0	0	2469	2258	7959	5735	1491	760	1857	1146	3563	3911	2864	4957	4228	1879	1434	483	699	442	354	0	0	0	0	0	0	0	0	0	0	0	0
rnd-5_family-429	Unknown	Unknown	0	0	0	0	0	0	147	110	98	319	369	330	391	122	170	234	0	194	307	63	65	0	0	0	0	0	0	0	0	0	0	0	0	0	0	0	0	0	0	0
rnd-3_family-34	DNA	TcMar-Tc1	0	0	0	0	0	39	47	93	71	327	447	534	704	1042	1344	1449	1280	1297	2068	1716	2030	2094	1884	2485	1735	2619	1553	1022	997	760	466	199	58	9	95	13	0	0	0	0
rnd-5_family-3065	LTR	Copia	0	0	5365	654	0	0	50	0	288	190	235	566	531	948	975	2469	3546	5254	5864	5993	11357	7890	7428	5237	1781	2161	1276	1649	110	50	72	190	92	0	0	0	0	0	0	0
rnd-1_family-26	Unknown	Unknown	0	0	1195	9129	9966	3764	1728	4643	13361	11958	11996	17459	8405	2113	4900	1903	1425	2518	1379	812	509	515	1482	1370	125	0	758	379	0	0	0	0	0	0	0	0	0	0	0	0
rnd-6_family-1284	DNA	TcMar-Mariner	0	0	0	0	1789	3381	364	526	4220	7294	2812	1621	661	216	33	14	102	39	112	0	0	0	0	0	0	0	0	0	0	0	0	0	0	0	0	0	0	0	0	0
rnd-5_family-1546	Unknown	Unknown	0	0	0	0	0	0	0	522	0	1110	67	1660	1989	9095	19251	23183	35320	36358	49330	33423	25952	18540	18173	7706	6454	3682	2151	2025	214	266	786	0	355	84	0	0	0	0	0	0
rnd-6_family-645	Unknown	Unknown	0	0	69	11953	2430	6364	20950	1259	241	1283	0	4861	1093	520	1230	2898	7515	4369	1878	1190	2498	3418	2932	4708	5467	3221	4422	1346	1855	10	162	50	0	0	0	0	0	0	0	0
rnd-5_family-4049	Unknown	Unknown	0	0	0	0	0	0	0	0	1309	1028	0	0	175	351	0	335	241	640	1067	934	2063	681	713	1219	351	613	0	253	0	0	0	0	0	0	0	0	0	0	0	0
rnd-6_family-4170	Unknown	Unknown	0	0	79	0	42	38	0	0	403	266	233	93	120	249	122	350	344	598	336	252	331	394	427	375	224	318	0	129	0	0	124	0	0	0	0	0	0	0	0	0
rnd-1_family-2	Unknown	Unknown	31	458	13508	5551	21294	62749	32205	104651	80428	49835	8530	5797	11271	613	587	322	519	155	0	79	76	0	0	87	0	0	0	0	0	0	0	0	0	0	0	0	0	0	0	0
rnd-5_family-346	Unknown	Unknown	0	0	0	27	0	0	0	0	93	310	84	148	0	281	243	245	1357	954	551	63	319	740	674	368	279	499	539	324	132	115	0	0	0	0	0	0	0	0	0	0
rnd-1_family-74	Unknown	Unknown	0	0	0	0	0	0	0	0	51	0	0	0	42	0	0	0	0	0	53	46	0	0	0	0	0	0	0	0	0	0	0	0	0	0	0	0	0	0	0	0
rnd-6_family-4416	Unknown	Unknown	0	0	34	0	0	0	105	622	1131	892	1451	965	1839	1707	1277	750	1077	732	847	0	573	74	0	0	178	0	0	0	0	0	0	0	0	0	0	0	0	0	0	0
rnd-1_family-47	Unknown	Unknown	0	0	0	0	1623	1646	3466	125	4710	1493	1222	422	4790	0	0	140	0	0	0	0	0	0	0	0	0	0	0	0	0	0	0	0	0	0	0	0	0	0	0	0
rnd-1_family-15	Unknown	Unknown	0	0	0	0	96	0	0	210	455	430	2526	2804	4162	822	2115	1718	331	11263	3475	1828	0	0	2304	489	40	0	366	381	70	167	168	0	0	0	0	0	0	0	0	0
rnd-1_family-42	Unknown	Unknown	0	331	370	1976	3126	984	663	984	1979	3443	3674	5347	5059	1095	1917	314	785	1023	2044	248	1265	1223	1423	1652	2571	1061	240	710	0	0	0	194	0	0	0	0	0	0	0	0
rnd-2_family-33	Unknown	Unknown	0	0	40	122	0	0	86	133	430	200	665	1518	3745	3463	5790	8772	15275	23928	26524	39341	48496	54960	49969	50654	44993	34092	19438	9142	4951	2344	809	375	0	0	0	0	0	0	0	0
rnd-4_family-208	Unknown	Unknown	0	0	0	0	0	0	0	56	136	46	176	124	321	394	568	787	1173	915	1956	2281	1912	2170	2863	2332	2746	2470	1398	475	1501	1089	313	262	0	0	0	0	0	0	0	0
rnd-6_family-4732	Unknown	Unknown	0	0	0	0	0	0	0	0	0	0	0	1098	0	0	0	681	1446	1308	252	2096	2657	4497	6223	8969	2617	2882	3337	855	673	111	18	0	12	0	0	0	0	0	0	0
rnd-1_family-5	Unknown	Unknown	0	0	0	0	0	0	0	0	0	0	0	0	0	0	0	0	0	0	0	56	0	0	0	0	0	0	0	0	0	0	0	0	0	0	0	0	0	0	0	0
rnd-1_family-39	Unknown	Unknown	0	0	0	0	0	0	245	4415	13928	8340	342	0	0	2421	12247	6554	1840	1244	24	90	72	1628	0	1133	1783	1226	1411	702	756	83	131	0	0	0	0	0	0	0	0	0
rnd-5_family-935	Unknown	Unknown	0	0	0	0	0	0	0	56	0	507	0	170	605	339	333	1990	2851	1912	2285	2245	3827	2140	2081	2126	1142	2138	512	909	169	269	531	153	0	0	0	0	0	0	0	0
rnd-5_family-6003	Unknown	Unknown	436	0	737	368	295	150	150	0	0	0	138	0	0	0	0	21	349	711	854	864	1423	1978	1700	2160	1363	1652	1302	294	312	129	69	0	0	0	0	0	0	0	0	0
rnd-1_family-58	Unknown	Unknown	0	39	0	0	989	152	1044	4760	1755	497	3089	2176	1160	1390	1936	1481	576	1473	331	2079	270	364	205	142	0	50	0	0	0	0	0	0	0	0	0	0	0	0	0	0
rnd-6_family-143	Unknown	Unknown	0	0	0	0	0	0	228	0	0	0	0	0	0	0	0	76	196	0	148	100	135	313	0	1106	306	1472	282	238	386	743	472	187	0	0	167	239	0	0	0	0
rnd-5_family-13064	Unknown	Unknown	405	60	415	152	897	1392	2776	1624	3256	1935	1445	441	359	177	878	0	47	58	61	0	0	0	0	0	0	0	0	0	0	0	0	0	0	0	0	0	0	0	0	0
rnd-1_family-79	Unknown	Unknown	0	0	0	0	0	0	0	0	0	0	83	0	0	0	0	0	0	0	0	0	0	0	0	0	0	0	0	0	0	0	0	0	0	0	0	0	0	0	0	0
rnd-6_family-2068	Unknown	Unknown	0	0	0	159085	3508	33477	5210	186761	13457	9347	6476	5619	476	4548	2038	3633	1362	1326	2560	4461	2315	3402	2279	489	2018	1339	1401	296	0	0	0	0	0	0	0	0	0	0	0	0
rnd-1_family-24	Unknown	Unknown	0	0	0	0	0	0	3278	4721	2196	534	1170	820	8018	6716	2883	2508	2220	1784	2546	1108	1689	5378	888	487	485	0	211	522	0	0	0	0	0	0	0	0	0	0	0	0
rnd-5_family-3874	Unknown	Unknown	0	0	173	412	186	1918	2306	3684	2496	2569	4730	2769	1671	1065	454	780	899	547	850	139	135	64	205	0	0	0	0	0	0	0	0	0	0	0	0	0	0	0	0	0
rnd-5_family-413	Unknown	Unknown	452	0	663	345	347	374	575	600	789	476	867	506	546	865	526	334	385	315	918	647	277	498	691	1457	1473	1015	487	401	731	198	360	88	252	0	0	179	0	0	0	0
rnd-5_family-120	LTR	Copia	0	55	0	0	0	0	60	139	121	73	5637	1637	9125	8011	5261	11673	14447	13942	25656	5942	6349	1487	1013	1032	944	171	216	282	0	0	0	0	0	0	0	0	0	0	0	0
rnd-6_family-972	Unknown	Unknown	0	0	0	0	0	0	49	52	67	371	660	583	1492	2300	1944	2269	2550	2335	1481	3446	633	1000	76	387	0	112	0	0	0	0	0	0	0	0	0	0	0	0	0	0
rnd-5_family-1840	DNA	PiggyBac	0	0	0	0	410	399	1684	1244	842	1367	2279	474	619	863	89	247	0	0	0	0	0	0	232	234	380	0	189	0	0	0	0	0	0	0	0	0	0	0	0	0
rnd-1_family-49	Unknown	Unknown	0	0	0	0	140	272	683	677	670	3540	3411	2234	2805	2202	460	2070	2640	1123	1108	831	414	1245	250	568	874	536	245	377	0	0	76	202	0	0	0	0	0	0	0	0
rnd-6_family-70	Unknown	Unknown	0	0	1000	0	0	1886	6802	5231	60	258	0	472	311	1070	956	812	797	0	255	244	110	510	0	179	288	0	0	0	165	0	0	0	0	0	0	0	0	0	0	0
rnd-5_family-1071	LTR	Copia	0	3696	0	14034	11519	8942	344	7613	4463	4286	5001	3733	8351	4570	2954	6227	3740	10985	3892	3054	4709	7423	5859	1468	944	2572	398	54	0	0	0	0	0	0	0	0	0	0	0	0
rnd-6_family-297	Unknown	Unknown	0	0	0	0	0	0	0	0	50	149	37	126	385	1529	1549	650	2464	6396	4891	2960	1615	2409	961	1060	286	116	172	0	0	0	0	0	0	0	0	0	0	0	0	0
rnd-6_family-72	Unknown	Unknown	0	0	0	0	0	834	852	2465	0	0	0	116	0	0	584	288	915	777	1408	1086	2335	3074	2791	2814	1251	1477	1262	857	196	156	0	0	0	0	0	0	0	0	0	0
rnd-5_family-1950	Unknown	Unknown	0	0	0	0	0	0	1536	529	2523	545	516	2252	3368	4882	3306	697	3022	714	2344	1475	684	2592	807	1838	626	322	0	0	0	202	0	0	0	0	0	0	0	0	0	0
rnd-1_family-11	DNA	TcMar-Mariner	0	0	0	268	0	0	0	0	0	0	0	0	0	0	0	0	0	0	0	0	0	0	0	59	66	0	0	119	0	0	0	0	0	0	0	0	0	0	0	0
rnd-5_family-4573	Unknown	Unknown	0	1211	183	1482	739	5473	1720	1092	954	564	78	965	388	473	4420	796	1252	2200	1848	4473	3316	851	207	98	0	293	0	0	0	0	0	0	0	0	0	0	0	0	0	0
rnd-6_family-4698	Unknown	Unknown	0	0	0	3425	157	2884	276	0	47	190	0	0	0	268	556	1366	712	0	148	0	713	731	497	105	133	144	0	0	0	0	83	0	0	0	0	0	0	0	0	0
rnd-6_family-1811	Unknown	Unknown	0	0	0	0	0	0	79	364	235	70	403	593	847	686	1021	1793	817	344	954	341	507	364	487	80	34	0	0	0	0	0	0	0	0	0	0	0	0	0	0	0
rnd-1_family-44	DNA	TcMar-Tc1	38	0	116	77	1794	2566	5447	8073	7597	5827	2378	1769	755	1315	877	0	522	96	1070	0	1675	1052	6792	1835	2925	2237	920	411	0	0	237	0	0	0	0	0	0	0	0	0
rnd-5_family-8484	Unknown	Unknown	0	0	250	0	0	0	0	0	0	0	0	0	75	73	156	111	243	480	305	257	294	157	172	544	86	464	107	263	286	101	0	0	0	0	0	0	0	0	0	0
rnd-6_family-2979	Unknown	Unknown	0	0	0	0	799	0	2100	11162	58	0	0	0	58	0	228	957	382	174	1731	2118	2564	5935	5391	6634	4786	4192	3329	1425	2093	1367	1117	104	115	0	0	0	0	0	0	0
rnd-5_family-2258	Unknown	Unknown	1180	6951	6085	0	1233	4351	6330	3811	13399	16657	5212	37303	64	1780	3102	863	1833	4569	4405	4301	3889	7204	12343	6122	3829	2865	4823	3095	3093	4650	639	375	222	236	0	0	0	0	0	0
rnd-1_family-62	Unknown	Unknown	0	0	0	0	0	0	0	0	0	125	0	0	125	51	258	255	2320	496	448	500	426	1237	489	461	796	270	43	0	0	133	0	0	0	0	0	0	0	0	0	0
rnd-4_family-322	Unknown	Unknown	0	0	36	0	0	0	1026	242	617	954	680	1896	3473	3798	4770	4520	6029	5860	3766	3173	1564	1483	1293	665	441	563	143	0	0	0	0	0	0	0	0	0	0	0	0	0
rnd-1_family-4	Unknown	Unknown	0	0	0	0	0	0	31	188	0	697	2191	2370	5333	5873	4608	9020	8167	10180	7823	6864	5015	7512	7262	5441	5242	2997	2332	1902	1119	375	132	456	12	0	0	0	0	0	0	0
rnd-6_family-248	Unknown	Unknown	0	0	0	33	0	52	113	42	239	455	993	696	665	625	1986	1723	1950	3374	2236	2885	2890	4797	3238	1583	1017	358	124	146	242	0	0	0	90	0	0	0	0	0	0	0
rnd-1_family-41	Unknown	Unknown	0	0	0	0	0	0	0	0	0	0	1136	0	0	0	0	0	0	0	0	0	0	0	0	0	190	0	0	0	0	0	0	0	0	2	0	0	0	0	0	0
rnd-5_family-357	Unknown	Unknown	0	0	0	0	0	0	0	601	401	600	545	682	0	540	668	930	1688	2087	1013	1948	1077	1361	1199	662	170	151	0	0	0	0	0	0	0	0	0	0	0	0	0	0
rnd-6_family-241	Unknown	Unknown	0	0	0	0	256	0	49	0	0	53	104	0	177	125	187	151	130	226	566	637	994	1234	1606	1130	2140	1323	986	1744	485	561	612	160	138	142	0	0	0	0	0	0
rnd-6_family-1867	Unknown	Unknown	0	0	146	0	0	4003	192	0	2286	786	1156	1341	170	2027	1716	253	581	2170	936	3125	1465	4229	409	2927	232	1500	75	0	0	0	0	0	0	0	0	0	0	0	0	0
rnd-5_family-34	Unknown	Unknown	0	0	0	383	0	0	0	0	0	0	0	0	72	0	42	57	0	177	190	0	0	168	583	428	105	0	70	0	0	241	129	0	0	245	0	0	0	0	0	0
rnd-1_family-46	Unknown	Unknown	36	0	0	0	492	54	240	54	491	223	153	109	280	102	50	105	0	0	49	51	0	0	0	0	0	0	0	0	0	0	0	0	0	0	0	0	0	0	0	0
rnd-5_family-2715	DNA	TcMar-Mariner	0	51	39	0	0	115	212	671	179	447	1218	2196	2724	3781	3696	4428	2993	3632	3347	1810	1846	2265	1089	926	322	299	0	0	107	0	0	0	0	0	0	0	0	0	0	0
rnd-1_family-78	DNA	TcMar-Mariner	435	4812	3498	1385	1017	0	0	0	0	0	0	0	0	0	0	0	0	0	0	0	0	0	0	0	0	0	0	0	0	0	0	0	0	0	0	0	0	0	0	0
rnd-1_family-83	Unknown	Unknown	0	0	495	1345	1123	3812	2321	1997	2868	1957	1557	989	800	240	870	326	760	184	417	0	0	71	0	0	0	0	0	0	0	0	0	0	0	0	0	0	0	0	0	0
rnd-1_family-19	DNA	TcMar-Tc1	806	1255	472	812	481	904	816	317	309	168	136	44	0	0	0	0	0	0	0	0	0	0	0	0	0	0	0	0	0	0	0	0	0	0	0	0	0	0	0	0
rnd-1_family-82	Unknown	Unknown	0	0	0	0	0	0	0	0	58	105	0	0	56	1261	97	64	224	0	0	0	0	95	99	155	245	632	780	81	0	0	0	0	0	0	0	0	0	0	0	0
rnd-5_family-996	Unknown	Unknown	0	0	0	0	0	0	0	40	114	159	298	1287	1582	2000	1050	1786	2730	1594	1168	1205	1353	947	97	185	281	80	131	0	80	0	0	0	0	0	0	0	0	0	0	0
rnd-1_family-29	DNA	hAT-Ac	0	0	0	10309	22350	29292	30230	7496	53060	18660	7120	6021	5383	10688	17163	1171	653	3622	1565	0	0	982	1142	472	168	487	0	0	0	184	0	0	0	0	0	0	0	0	0	0
rnd-6_family-2107	Unknown	Unknown	0	0	0	0	0	0	0	0	0	0	381	0	0	259	180	361	123	827	976	1424	669	935	760	1269	290	1056	643	123	194	276	144	0	0	0	0	0	0	0	0	0
rnd-5_family-3073	Unknown	Unknown	0	0	0	53	0	0	63	0	63	56	138	594	660	1246	2193	1125	2656	2909	1687	1257	1322	1448	745	501	0	0	0	0	0	0	0	0	0	0	0	0	0	0	0	0
rnd-1_family-0	Unknown	Unknown	0	0	0	0	0	0	0	0	0	0	157	0	11	0	9	102	0	199	44	20	8	0	20	11	55	22	183	212	819	0	0	0	0	0	0	0	0	0	0	0
rnd-5_family-247	Unknown	Unknown	8174	1879	73	33	73	0	275	309	421	631	904	909	1101	1255	1576	1585	1509	1430	1417	1397	1294	774	460	522	279	432	169	426	136	54	176	0	0	0	0	0	0	0	0	0
rnd-1_family-23	Unknown	Unknown	0	0	0	0	65	0	0	176	97	3302	1935	1436	970	1062	311	76	34	34	46	46	75	0	0	0	0	0	0	0	0	0	0	0	0	0	0	0	0	0	0	0
rnd-1_family-37	Unknown	Unknown	0	0	0	0	0	0	0	0	4940	2788	8975	5712	788	677	314	359	1047	314	0	325	991	4076	0	341	579	359	0	0	135	0	0	0	0	0	0	0	0	0	0	0
rnd-1_family-64	Unknown	Unknown	0	0	8276	7837	2060	0	0	0	0	685	2286	5646	1178	519	501	330	2306	168	131	462	1236	1336	559	869	0	982	0	0	0	0	0	0	0	0	0	0	0	0	0	0
rnd-5_family-4730	Unknown	Unknown	33451	241	0	484	0	104	315	659	907	31238	820	409	366	73	0	0	542	414	608	770	743	384	214	228	0	0	0	0	0	0	0	0	0	0	0	0	0	0	0	0
rnd-3_family-91	Unknown	Unknown	0	0	0	0	0	0	258	0	0	0	0	0	0	0	0	0	0	0	0	0	0	0	410	183	739	507	720	658	444	2249	1985	608	1453	937	810	183	209	219	0	0
rnd-5_family-6329	Unknown	Unknown	0	0	3215	1904	28044	20914	14220	760	955	33	0	114	62	48	0	145	882	236	888	891	566	196	803	1160	678	454	196	40	387	0	0	0	0	0	0	0	0	0	0	0
rnd-1_family-22	Unknown	Unknown	0	0	36	0	0	0	0	0	0	149	258	60	310	533	439	1059	1131	1095	789	618	925	1476	831	986	447	587	240	238	84	77	0	0	0	0	0	0	0	0	0	0
rnd-5_family-3037	Unknown	Unknown	0	0	0	0	0	0	0	54	65	294	72	189	298	1169	1129	1406	3281	4045	4262	6145	5606	7691	4399	3912	3169	1436	937	842	311	17	182	0	0	0	0	0	0	0	0	0
rnd-1_family-14	DNA	TcMar-Tc1	128	787	2348	2629	4713	5986	3524	3639	1781	865	1126	306	81	208	42	325	109	319	404	313	222	358	0	0	65	0	0	0	0	0	0	0	0	0	0	0	0	0	0	0
rnd-1_family-3	Unknown	Unknown	0	0	0	0	0	0	0	0	46	0	49	0	0	0	0	0	0	0	54	114	318	2679	318	0	0	0	0	0	0	0	0	0	0	0	0	0	0	0	0	0
rnd-1_family-55	Unknown	Unknown	0	0	0	33	0	719	0	167	288	270	495	719	855	1059	1216	2567	2791	3797	1733	2687	3599	1952	1781	1357	1144	580	758	362	88	156	51	0	0	0	0	0	0	0	0	0
rnd-1_family-54	Unknown	Unknown	0	0	35	0	0	340	0	65	0	65	65	148	0	58	0	0	0	0	0	0	0	55	0	0	0	0	0	0	0	0	0	0	0	0	0	0	0	0	0	0
rnd-5_family-961	Unknown	Unknown	0	0	0	0	113	0	109	0	56	58	549	113	116	371	613	630	1447	929	1407	2003	2292	2358	1846	1108	1839	882	1514	537	204	461	98	162	0	0	0	0	0	0	0	0
rnd-5_family-1919	DNA	CMC-EnSpm	3669	102056	5056	323	10312	7640	5056	485	1756	335	1273	1209	2310	1914	1185	1062	1201	1888	489	161	385	182	100	33	7	0	0	0	0	0	0	0	0	0	0	0	0	0	0	0
rnd-6_family-371	DNA	TcMar-Mariner	117	87	21048	45069	5118	112	780	0	0	22	55	0	0	0	0	0	0	0	0	0	85	0	0	60	0	120	0	200	187	0	0	5	201	0	0	0	0	0	0	0
rnd-1_family-31	Unknown	Unknown	0	0	0	0	0	0	0	0	1116	373	2608	2224	0	490	2701	3492	486	1210	2465	372	2523	5171	2829	3152	5395	7031	1256	2626	2294	905	387	228	111	0	0	0	0	0	0	0
rnd-5_family-974	Unknown	Unknown	0	0	0	30	0	1554	4901	4478	660	346	787	0	176	0	97	643	663	3625	1582	351	414	237	168	169	249	0	216	216	0	0	0	0	0	0	0	0	0	0	0	0
rnd-5_family-2260	Unknown	Unknown	0	0	0	0	0	0	243	0	0	0	0	1725	163	0	0	0	299	94	0	199	219	101	28	16	78	356	0	156	0	0	0	0	0	0	0	0	0	0	0	0
rnd-6_family-6207	Unknown	Unknown	0	0	0	0	0	0	0	0	0	0	0	0	0	320	0	0	0	0	105	120	56	294	119	425	438	743	1106	1730	1313	1588	487	865	687	262	225	322	0	0	0	0
rnd-6_family-8450	Unknown	Unknown	0	0	0	0	0	0	0	0	0	0	0	0	0	0	0	0	1806	1934	1889	0	0	186	352	1188	1869	362	270	563	525	3978	336	1797	0	621	0	0	0	0	0	0
rnd-4_family-594	Unknown	Unknown	28	428	103	1738	3248	9966	16122	16315	14824	13036	9921	9584	6365	4187	5442	2985	2790	1705	575	1074	194	73	73	0	147	0	0	0	0	0	0	0	0	0	0	0	0	0	0	0
rnd-5_family-592	Unknown	Unknown	0	0	0	0	0	0	0	0	87	41	380	101	317	325	895	1615	2058	2531	1530	1868	2504	993	689	1138	677	61	122	0	0	0	0	0	0	0	0	0	0	0	0	0
rnd-5_family-1877	Unknown	Unknown	0	0	0	0	0	0	0	474	5300	3046	2050	3099	3541	4017	4371	9480	8605	3374	577	273	23	633	203	0	67	0	20	0	0	0	0	0	0	0	0	0	0	0	0	0
rnd-4_family-502	Unknown	Unknown	0	0	0	0	0	0	0	0	140	143	252	178	102	317	596	570	780	664	754	671	1378	902	1107	1760	2493	1681	1391	1256	1850	684	899	845	335	513	394	168	36	45	0	0
rnd-1_family-35	Unknown	Unknown	0	0	0	0	0	0	45	0	143	467	965	1552	3095	6226	6324	4671	6886	4394	4541	3921	3120	1761	1824	708	828	369	274	0	0	0	0	0	0	0	0	0	0	0	0	0
rnd-1_family-32	Unknown	Unknown	0	0	0	224	0	1628	2990	7187	1578	285	308	454	2590	613	470	963	611	0	490	1646	995	1332	922	306	492	0	397	142	0	0	0	0	0	0	0	0	0	0	0	0
rnd-4_family-852	Unknown	Unknown	0	0	0	0	0	0	0	0	0	59	97	252	0	1110	250	593	748	1284	1414	2219	3446	4601	2728	2920	3352	2490	228	434	168	788	410	233	0	0	0	0	0	0	0	0
rnd-1_family-40	Unknown	Unknown	0	0	0	0	0	148	0	0	0	0	0	0	0	2	0	25	12	2	108	117	0	0	161	0	0	0	0	0	0	0	0	0	0	0	0	0	0	0	0	0
rnd-1_family-48	Unknown	Unknown	0	0	0	0	0	1823	6549	0	1809	2409	535	808	1086	5030	2471	534	871	2966	2083	2727	1466	2677	2668	2531	1445	461	508	270	0	0	0	0	0	0	0	0	0	0	0	0
rnd-1_family-71	Unknown	Unknown	0	191	208	66	140	138	0	261	178	63	49	55	0	0	0	0	0	0	0	0	0	0	0	0	0	0	0	0	0	0	0	0	0	0	0	0	0	0	0	0
rnd-5_family-1540	DNA	Sola-2	0	3763	36	0	353	3137	2046	3269	7059	5171	6382	15575	7739	3855	3566	4366	5033	5752	4520	2455	5257	2190	4871	2772	1061	276	387	0	308	132	86	0	30	0	0	0	0	0	0	0
rnd-1_family-63	Unknown	Unknown	0	161	0	382	50	413	144	101	141	48	49	0	0	0	51	0	0	0	0	0	0	0	0	0	0	0	0	0	0	0	0	0	0	0	0	0	0	0	0	0
rnd-6_family-7121	Unknown	Unknown	0	0	39	294	44	0	0	0	0	43	47	85	12	104	226	181	250	347	828	296	250	789	450	408	945	417	708	597	0	106	0	0	0	0	100	0	0	0	0	0
rnd-1_family-28	Unknown	Unknown	0	0	0	0	0	0	0	0	0	33	170	82	142	45	70	0	249	136	149	178	154	163	0	0	0	0	0	77	0	0	0	20	0	0	0	0	0	0	0	0
rnd-3_family-2	DNA	TcMar-Tc1	37	0	0	0	0	0	0	647	756	296	1168	2318	47919	168962	410568	143672	172487	98726	50430	24428	15779	12679	17085	17103	21980	15016	10499	3628	2739	1355	0	116	140	0	0	0	0	0	0	0
rnd-1_family-61	Unknown	Unknown	0	0	0	0	0	0	0	0	0	0	0	70	0	0	79	90	0	0	0	0	86	0	0	0	0	0	0	0	0	0	0	0	0	0	0	0	0	0	0	0
rnd-6_family-1952	Unknown	Unknown	0	0	0	55	0	0	277	299	642	1480	374	1294	3102	1103	1202	893	1294	997	101	407	275	215	0	0	0	0	0	0	0	0	0	0	0	0	0	0	0	0	0	0
rnd-1_family-34	Unknown	Unknown	0	0	0	0	0	0	0	0	0	0	0	0	0	0	0	0	0	123	0	0	0	0	0	125	77	172	0	0	407	22	418	0	0	0	0	0	0	0	0	0
rnd-6_family-1316	Unknown	Unknown	0	0	0	0	196	0	0	0	0	0	0	0	0	0	0	0	298	176	245	422	0	336	561	162	488	145	488	546	0	0	0	0	0	0	0	0	0	0	0	0
rnd-5_family-1374	Unknown	Unknown	0	0	0	0	66	0	65	0	134	0	639	427	295	614	234	884	644	1527	578	1286	1734	773	503	471	158	361	261	0	0	0	0	0	0	0	0	0	0	0	0	0
rnd-6_family-2493	Unknown	Unknown	0	0	0	0	0	0	0	0	709	227	145	0	624	281	358	451	2063	2030	2679	2333	2166	2359	3564	934	710	86	0	0	0	0	0	0	0	0	0	0	0	0	0	0
rnd-5_family-1402	Unknown	Unknown	0	0	0	292	0	0	0	51	56	44	0	111	127	214	419	384	544	1246	1363	1679	1868	2138	2147	1631	1711	1277	1180	729	827	549	316	227	0	0	0	33	0	0	0	0
rnd-4_family-321	Unknown	Unknown	0	231	1615	7375	5881	6043	5575	151181	35036	7694	5448	3579	8050	75078	1464304	2489280	32127	7133	37821	54425	38758	7844	6689	10356	12584	21629	17029	8406	2916	780	723	239	103	0	0	0	0	0	0	0
rnd-1_family-45	Unknown	Unknown	0	0	0	0	0	0	92	28	168	130	30	78	206	120	63	123	227	140	128	95	43	56	0	12	0	0	0	0	0	0	0	0	0	0	0	0	0	0	0	0
rnd-5_family-251	DNA	TcMar-Mariner	0	0	0	0	42	0	177	66	647	1150	2073	2183	3236	5510	4417	5384	2482	1086	1910	1215	1078	219	182	0	218	0	0	0	0	0	0	0	0	0	0	0	0	0	0	0
rnd-6_family-1748	DNA	TcMar-Mariner	923	1056	69668	168849	96891	25509	2906	229	214	226	113	126	98	139	245	162	84	125	49	34	53	59	138	59	0	0	50	0	0	0	109	340	0	439	0	0	0	0	0	0
rnd-5_family-423	Unknown	Unknown	0	0	0	0	69	40	0	249	93	93	481	670	1224	1405	3232	5946	3601	6122	6612	4989	5664	3636	4286	2751	815	742	520	474	0	0	0	0	0	0	0	0	0	0	0	0
rnd-1_family-18	DNA	hAT-Ac	0	0	964	0	4250	46362	1832	21025	30580	21321	17284	26687	30673	16992	14532	13242	24963	40668	15063	9127	3440	4851	3235	1850	2626	1370	863	0	522	158	265	0	0	0	0	0	0	0	0	0
rnd-6_family-2088	Unknown	Unknown	0	0	0	0	0	0	0	0	275	1427	120	287	2295	1227	1905	2728	4861	5598	3509	3737	2160	2112	1201	357	1059	317	836	0	262	0	265	0	0	0	0	0	0	0	0	0
rnd-5_family-5894	Unknown	Unknown	0	1004	0	1263	4998	9115	1549	4759	1920	0	0	0	0	0	0	0	93	158	0	645	126	230	360	0	0	0	0	0	0	0	0	0	0	0	0	0	0	0	0	0
rnd-1_family-76	Unknown	Unknown	0	0	0	0	0	0	0	363	131	1003	743	1384	353	1702	1674	1575	4367	1526	122	0	0	0	0	0	0	0	0	0	0	0	0	0	0	0	0	0	0	0	0	0
rnd-6_family-6291	Unknown	Unknown	0	0	44	0	41	217	274	389	747	532	792	2076	5684	7724	9749	9760	9611	9515	7702	2896	3094	1379	245	575	351	269	611	142	0	0	0	0	94	60	0	0	0	0	0	0
rnd-5_family-111	Unknown	Unknown	0	0	0	59	53	0	47	192	463	79	142	603	613	1918	2471	3406	4101	4050	4415	1671	2866	319	131	300	0	184	0	0	0	0	0	0	0	0	0	0	0	0	0	0
rnd-6_family-2604	Unknown	Unknown	0	0	0	0	0	0	0	0	50	212	0	181	474	514	303	629	946	1174	1290	1104	874	1413	1578	867	918	482	210	0	94	87	0	0	0	0	0	0	0	0	0	0
rnd-5_family-855	Unknown	Unknown	0	0	0	0	0	0	0	0	147	0	1022	0	212	176	220	149	2006	1057	1752	738	2449	1719	2330	2681	1659	2605	1958	2008	884	1064	232	232	0	36	0	0	0	0	0	0
rnd-1_family-70	Unknown	Unknown	0	91	132	271	314	364	447	0	241	278	0	107	84	0	0	0	0	0	0	0	0	0	0	0	0	0	0	0	0	0	0	0	0	0	0	0	0	0	0	0
rnd-5_family-873	Unknown	Unknown	0	0	0	0	0	0	0	0	0	63	0	45	154	90	0	418	425	383	1087	379	1607	1159	2094	2147	1132	1504	1595	1530	344	507	117	0	0	0	0	0	0	0	0	0
rnd-6_family-8475	Unknown	Unknown	0	0	0	0	0	0	0	0	0	894	47	64	445	2090	1726	5362	4223	5994	7876	7203	5333	2339	1686	1395	0	156	0	138	0	0	0	0	0	0	0	0	0	0	0	0
rnd-1_family-17	Unknown	Unknown	175	325	16306	9179	6519	4842	16561	6034	2284	1963	5710	7378	6022	4915	7650	3132	4443	5313	4666	2022	722	2500	1044	309	271	194	299	0	0	0	0	0	0	0	0	0	0	0	0	0
rnd-5_family-1070	Unknown	Unknown	0	0	666	0	0	53	1593	449	210	1862	45	903	410	535	192	996	609	528	238	643	220	223	74	69	155	0	0	58	0	0	0	0	0	0	0	0	0	0	0	0
rnd-5_family-865	Unknown	Unknown	0	0	0	0	0	0	0	56	123	287	60	1092	512	1854	1215	2154	1753	2137	1792	1155	946	0	651	375	180	0	0	0	0	0	0	0	0	0	0	0	0	0	0	0
rnd-4_family-151	Unknown	Unknown	0	0	0	0	291	0	0	0	0	52	0	144	246	266	50	295	786	848	1428	1790	2210	2315	2631	3934	3606	4028	5779	4295	3683	2582	1661	1385	470	707	643	145	87	0	0	0
rnd-4_family-659	Unknown	Unknown	0	0	0	0	0	0	0	42	0	278	0	0	0	0	223	258	110	250	698	329	405	343	322	986	714	823	457	446	81	407	0	0	0	0	0	0	0	0	0	0
rnd-1_family-75	Unknown	Unknown	0	0	0	0	0	0	0	89	0	0	0	0	0	0	0	0	0	0	0	0	0	0	0	0	0	0	0	0	0	0	0	0	0	0	0	0	0	0	0	0
rnd-1_family-77	Unknown	Unknown	0	0	0	0	0	0	0	51	0	0	0	0	0	0	0	0	0	0	0	0	0	0	0	0	0	0	0	0	0	0	0	0	0	0	0	0	0	0	0	0
rnd-1_family-43	Unknown	Unknown	0	0	0	0	0	0	0	337	961	0	645	980	892	313	619	312	56	412	641	1705	1207	1097	306	988	0	0	872	334	1333	305	118	32	0	175	0	198	0	0	0	0
rnd-6_family-1732	Unknown	Unknown	0	0	382	257	177	320	1946	1025	2342	1448	2101	1032	2290	1063	1626	362	1089	238	250	83	317	49	172	0	0	0	0	0	0	0	0	0	0	0	0	0	0	0	0	0
rnd-5_family-5557	Unknown	Unknown	0	0	0	0	42	0	873	55	131	0	1369	585	2701	4442	5442	5676	5909	7996	5361	2450	1644	1612	256	0	0	156	0	0	0	0	0	0	0	0	0	0	0	0	0	0
rnd-4_family-109	Unknown	Unknown	0	0	0	0	0	0	0	0	0	340	105	0	79	108	0	449	473	779	444	836	995	523	621	1284	654	533	607	319	753	389	256	206	0	0	0	0	0	0	0	0
rnd-5_family-211	Unknown	Unknown	0	0	0	0	0	0	0	0	0	0	0	0	525	0	0	0	0	0	0	0	0	0	0	190	445	1275	2621	3349	2202	2889	1905	2700	1717	717	289	290	0	0	0	0
rnd-6_family-1412	Unknown	Unknown	0	0	1186	1293	1149	2918	5231	3236	4144	1704	2207	950	817	238	262	750	129	884	337	0	0	0	0	0	152	0	0	116	0	0	0	0	0	0	0	0	0	0	0	0
rnd-1_family-56	Unknown	Unknown	78	272	403	191	836	877	813	1048	1626	928	940	1497	1148	620	0	188	132	170	263	0	0	0	0	0	0	73	0	0	0	0	0	0	0	0	0	0	0	0	0	0
rnd-1_family-38	Unknown	Unknown	0	0	0	127	371	1340	1846	552	1521	3020	168	864	355	127	124	46	124	116	0	0	0	0	58	0	0	0	0	0	0	0	0	0	0	0	0	0	0	0	0	0
rnd-6_family-9658	Unknown	Unknown	0	0	0	0	43	0	45	276	380	324	439	1022	2298	3403	4403	6709	4807	5435	4883	3327	4054	2405	2546	765	907	771	121	375	224	0	0	0	0	0	0	0	0	0	0	0
rnd-4_family-61	Unknown	Unknown	0	0	0	0	0	0	309	0	0	0	0	0	0	70	0	252	93	195	384	742	448	871	1101	713	1153	1797	1351	606	0	448	316	405	0	0	0	0	0	0	0	0
rnd-1_family-65	Unknown	Unknown	0	0	0	121	788	925	266	134	0	144	0	143	134	121	217	335	57	651	445	259	36	136	0	0	0	36	0	0	0	0	0	0	0	0	0	0	0	0	0	0
rnd-5_family-1095	Unknown	Unknown	0	0	0	0	0	41	0	0	922	210	66	460	1490	2217	1873	3999	8043	7082	8594	9177	8192	5126	2534	1105	948	618	244	12	0	0	0	0	0	0	0	0	0	0	0	0
rnd-5_family-8477	Unknown	Unknown	0	0	0	0	0	34	53	0	82	41	204	254	263	486	1237	653	2194	1503	1634	1389	982	1915	958	468	313	115	127	0	0	64	0	0	0	0	0	0	0	0	0	0
rnd-6_family-650	DNA	DNA	0	0	0	0	0	0	6096	29238	9411	2930	4722	1025	381	1234	750	5650	1405	3326	1202	1132	6511	769	1445	3089	2962	2853	4368	5837	4363	3803	3681	1263	1103	736	1470	560	708	111	0	0
rnd-1_family-59	Unknown	Unknown	0	1141	8167	284	1691	0	282	0	0	61	284	1146	1974	1743	2592	1491	2559	1810	941	1522	767	1406	976	1897	328	483	125	286	19	0	0	0	0	0	0	0	0	0	0	0
rnd-5_family-1296	Unknown	Unknown	0	0	0	0	42	0	0	96	86	166	936	484	1088	910	2836	6143	7197	13538	13814	17006	15435	10909	6514	5375	3152	2603	672	362	414	321	285	0	269	0	0	0	0	0	0	0
rnd-1_family-25	DNA	TcMar-Tc1	139	758	1106	2386	4470	9196	14693	8843	5945	2500	1254	1578	928	627	248	0	0	0	19	902	144	1692	3137	3844	2421	2479	213	0	0	0	0	0	0	0	0	0	0	0	0	0
rnd-6_family-5780	Unknown	Unknown	0	9784	3500	0	0	0	517	693	35	1077	2437	2059	2343	8157	11908	17986	19476	10422	16632	9825	13253	10212	9079	8699	3771	2306	0	2493	0	0	0	0	0	0	0	0	0	0	0	0
rnd-5_family-4175	Unknown	Unknown	0	0	0	0	0	115	70	1089	53	209	187	148	360	611	2061	1060	3485	3021	3663	6784	4026	5383	5405	6568	5175	3772	2728	847	150	74	152	177	0	0	0	0	0	0	0	0
rnd-6_family-525	Unknown	Unknown	0	0	0	0	0	0	0	0	34	0	95	0	0	0	343	524	643	179	230	779	465	606	935	851	594	256	500	579	101	125	244	0	0	0	0	0	0	0	0	0
rnd-1_family-67	Unknown	Unknown	0	0	0	0	0	0	0	467	1172	1346	1668	0	1091	284	440	518	571	0	0	0	0	0	0	0	0	0	0	0	0	92	72	0	0	0	0	0	0	0	0	0
rnd-4_family-303	Unknown	Unknown	0	0	0	146	2621	4184	8572	9473	4543	5854	6044	3096	2215	1887	1328	1691	2852	4378	3241	5707	5407	4864	6417	4285	2438	359	1319	530	318	164	81	0	0	0	0	0	0	0	0	0
rnd-6_family-3801	DNA	TcMar-Mariner	0	0	36	161	45	1654	869	560	982	2138	3600	6617	7068	12927	8077	5415	4128	6027	1506	771	1094	1037	364	100	0	0	214	0	0	0	0	247	97	0	133	0	0	0	0	0
rnd-6_family-11060	Unknown	Unknown	0	0	342	684	1164	0	0	0	165	661	862	1206	1298	261	2933	984	141	1382	1004	0	0	0	0	0	0	0	0	0	0	0	0	0	0	0	0	0	0	0	0	0
rnd-4_family-917	Unknown	Unknown	0	11394	231	297	793	2909	781	754	926	1379	657	4684	3221	2390	2464	4230	4627	5246	9192	15780	21650	23427	29942	24887	18048	12219	11395	3574	4091	1149	1007	462	257	0	0	0	0	0	0	0
rnd-5_family-3449	DNA	TcMar-Tc1	0	0	0	0	0	37	0	99	0	42	1405	2712	59	3453	11642	14382	18864	12791	9312	12691	6943	3167	4014	2235	3130	1038	999	680	219	1421	343	362	2500	762	0	260	0	0	0	0
rnd-6_family-1860	Unknown	Unknown	0	0	3033	1254	381	9933	2444	4667	206	0	70	253	137	487	683	206	898	1060	1667	2340	2709	1800	2158	2040	886	856	44	34	15	21	42	0	0	0	0	0	0	0	0	0
rnd-1_family-36	Unknown	Unknown	2550	0	0	0	0	0	0	0	0	0	0	0	0	122	146	270	301	0	530	349	465	703	260	1137	338	562	129	398	209	117	176	0	0	0	0	0	0	0	0	0
rnd-4_family-54	Unknown	Unknown	0	4543	961	17844	14105	31548	8854	6056	4883	5031	3865	5921	2809	5106	2736	2383	734	1058	229	1514	58	0	360	100	0	34	26	0	0	0	0	0	0	0	0	0	0	0	0	0
rnd-5_family-7105	Unknown	Unknown	0	0	0	0	0	0	171	1643	278	939	1020	852	2659	2501	3370	5528	6292	8784	11128	9592	10665	8918	7167	5045	2153	1756	521	107	276	0	0	0	0	0	0	0	0	0	0	0
rnd-5_family-4866	LTR	Copia	0	0	0	0	0	0	5293	2765	109	966	3133	1038	7580	11033	4383	4787	10671	7916	11113	3788	4211	3117	1667	242	158	0	0	0	0	0	0	0	0	0	0	0	0	0	0	0
rnd-6_family-10426	Unknown	Unknown	30129	28352	0	0	0	0	0	0	0	4965	295	6284	4585	7876	12316	4572	7067	7307	13581	11047	12056	21426	8315	5660	3073	864	0	0	0	219	0	0	0	0	0	0	0	0	0	0
rnd-6_family-758	Unknown	Unknown	0	0	8857	4371	0	468	117	0	1384	0	93	0	0	166	661	3245	955	2050	2461	6184	757	3966	134	233	59	0	336	0	0	0	0	0	0	0	0	0	0	0	0	0
rnd-4_family-756	LTR	Gypsy	0	0	0	0	0	0	341	0	0	0	0	0	0	0	0	0	27	197	0	253	177	672	115	965	1357	385	743	854	988	920	642	0	21	183	0	0	0	0	0	0
rnd-1_family-12	DNA	TcMar-Tc1	0	72	87	1045	2104	7890	13292	9006	6311	6564	4833	3096	1653	1924	728	437	1131	51	0	0	404	519	1348	3455	3484	392	406	359	0	0	0	0	0	0	0	0	0	0	0	0
rnd-1_family-57	Unknown	Unknown	0	0	0	0	74	0	0	0	2906	280	1136	2308	837	1797	1341	1109	2378	274	0	0	496	361	367	246	0	0	0	0	0	0	0	0	0	0	0	0	0	0	0	0
rnd-4_family-193	Unknown	Unknown	0	0	0	0	0	0	0	0	52	117	167	326	525	1830	2827	3417	6670	9819	16045	20033	19626	19298	14182	10526	3913	3554	737	1155	314	0	0	154	0	0	0	0	0	0	0	0
rnd-6_family-2293	Unknown	Unknown	0	0	0	0	0	0	0	146	0	0	173	398	2019	2570	4584	6413	6313	4899	5742	6279	4616	1915	1428	759	480	0	0	0	0	0	0	0	0	0	0	0	0	0	0	0
rnd-6_family-12143	Unknown	Unknown	0	87	5550	1465	734	0	1584	0	0	2953	784	15	150	79	2132	2192	5792	2137	602	694	162	101	0	316	0	0	0	0	0	0	0	0	0	0	0	0	0	0	0	0
rnd-1_family-13	Unknown	Unknown	0	0	0	0	0	0	0	156	93	0	163	204	0	560	49	89	0	45	0	114	284	0	147	250	0	0	0	101	0	0	0	0	0	0	0	0	0	0	0	0
rnd-1_family-73	Unknown	Unknown	0	86	0	80	365	1937	241	24	290	29	21	335	29	0	86	206	0	0	0	0	0	0	0	0	0	0	0	0	0	0	0	0	0	0	0	0	0	0	0	0
rnd-6_family-3141	Unknown	Unknown	0	0	0	0	0	0	0	0	0	0	764	343	51	650	402	217	0	433	246	260	1035	1537	1925	330	1385	790	1606	612	284	226	0	0	0	0	0	0	0	0	0	0
rnd-5_family-4290	Unknown	Unknown	0	0	0	1107	1102	552	0	0	610	0	26177	25786	24996	25271	23036	38142	25686	12172	14177	7536	3709	190	185	0	0	0	0	0	0	0	0	0	0	0	0	0	0	0	0	0
rnd-4_family-94	RC	Helitron	0	0	0	0	0	0	308	850	681	2601	2764	3580	17756	13659	14231	20296	35159	40437	31404	33980	32018	29108	42229	55443	42305	22556	14499	18193	7058	433	8	92	153	0	0	0	0	0	0	0
rnd-5_family-518	Unknown	Unknown	0	0	0	0	0	0	82	56	73	202	295	444	1782	934	1819	2524	3126	6443	6283	6165	6636	6798	5555	1658	2880	644	1069	376	234	305	155	415	0	0	0	0	0	0	0	0
rnd-6_family-6681	Unknown	Unknown	0	313	450	1513	712	592	732	0	0	0	393	685	302	0	0	876	0	0	281	0	0	168	268	0	0	0	0	0	0	0	0	0	0	0	0	0	0	0	0	0
rnd-5_family-3861	Unknown	Unknown	0	0	0	0	0	0	30	0	0	0	0	0	270	458	172	627	64	719	436	1324	737	759	1721	1248	1857	1118	437	495	243	155	151	0	0	0	0	0	0	0	0	0
rnd-4_family-218	Unknown	Unknown	86	66	895	1971	14640	9689	21542	13283	11046	16949	11284	23791	11981	1892	4353	4652	775	3186	254	895	0	0	0	0	0	0	0	0	0	0	0	0	0	0	0	0	0	0	0	0
rnd-1_family-53	Unknown	Unknown	0	0	0	0	168	0	121	126	601	279	794	1444	1656	2239	1398	863	727	1491	763	342	184	49	177	0	314	0	0	0	0	0	0	0	0	0	0	0	0	0	0	0
rnd-1_family-81	Unknown	Unknown	0	0	0	0	0	0	0	0	0	0	40	89	172	154	120	46	53	225	204	46	81	112	170	0	60	56	57	0	0	0	0	0	0	0	0	0	0	0	0	0
rnd-5_family-4319	Unknown	Unknown	0	0	0	0	0	0	0	0	0	995	228	818	141	0	2387	2366	3891	2769	3393	8920	7078	4393	3406	1483	752	0	299	305	0	77	0	0	0	0	0	0	0	0	0	0
rnd-6_family-2685	Unknown	Unknown	29	0	0	90	44	79	147	641	150	119	344	264	1171	948	106	282	267	1129	1073	681	918	734	152	368	162	0	0	0	0	171	0	0	0	0	0	0	0	0	0	0
rnd-6_family-324	Unknown	Unknown	0	0	238	0	0	0	0	0	0	88	219	0	118	196	106	383	193	195	496	721	881	760	837	1326	574	1391	870	926	861	505	92	370	0	99	0	0	0	0	0	0
rnd-1_family-8	Unknown	Unknown	0	6104	0	39794	7508	0	11293	14195	13881	10320	3223	2979	7801	6964	5085	10536	10529	9075	6070	5090	800	2421	900	831	2202	0	160	52	0	0	0	0	0	0	0	0	0	0	0	0
rnd-6_family-376	Unknown	Unknown	0	66	37	0	273	0	406	540	961	126	194	62	116	0	63	120	187	92	0	63	0	0	0	0	0	0	0	0	0	0	0	0	0	0	0	0	0	0	0	0
rnd-6_family-1480	Unknown	Unknown	29	0	39	62	89	214	114	157	549	242	416	508	274	631	434	551	466	1108	507	629	492	386	398	104	363	388	19	69	0	0	0	0	0	0	0	0	0	0	0	0
rnd-1_family-27	Unknown	Unknown	0	0	0	0	0	0	0	0	275	0	0	0	0	0	0	0	0	988	1061	2911	2857	2645	3478	5553	2724	3004	928	552	270	0	0	0	0	0	0	0	0	0	0	0
rnd-4_family-276	Unknown	Unknown	0	0	0	0	0	419	0	121	58	0	50	54	47	121	492	754	875	1081	1410	1087	3846	4143	4012	7668	7805	6731	7297	7104	6768	5156	3008	2004	2890	1134	0	734	0	0	0	0
rnd-6_family-3658	DNA	TcMar-Tigger	0	0	0	0	0	93	33	417	260	871	1207	1553	1156	1414	1693	1246	797	1279	682	233	173	245	0	0	0	0	0	0	0	0	0	0	0	0	0	0	0	0	0	0
rnd-1_family-69	Unknown	Unknown	0	58	1872	629	0	0	346	0	60	136	160	0	376	91	1635	983	1984	2099	2816	2604	1473	1957	1093	1083	739	563	254	0	0	0	0	0	0	0	0	0	0	0	0	0
rnd-5_family-626	Unknown	Unknown	0	0	0	0	0	0	0	53	0	102	1129	385	614	1676	1415	2863	2009	3019	4238	5771	5871	4783	6712	4120	2931	3369	1895	1870	325	324	0	116	0	0	0	0	0	0	0	0
rnd-5_family-4214	Unknown	Unknown	0	0	69	5549	81470	11400	7632	2280	5829	5570	5648	6973	9307	6572	2084	1913	1751	1518	2047	1450	1519	925	88	0	81	0	0	0	0	0	0	0	0	0	0	0	0	0	0	0
rnd-5_family-1869	Unknown	Unknown	0	0	0	0	0	2811	0	1863	6660	9471	15466	3924	6621	13743	10573	11931	13830	10041	9796	11708	5993	7560	4348	1826	1412	117	322	0	0	0	0	0	0	0	0	0	0	0	0	0
rnd-5_family-306	Unknown	Unknown	0	0	0	0	0	244	0	0	0	0	0	59	0	0	0	0	0	106	0	102	273	416	165	0	339	0	565	120	397	221	0	319	130	0	0	0	0	0	0	0
rnd-5_family-1088	Unknown	Unknown	0	0	0	787	89	36	181	299	0	820	1027	633	1578	1750	1711	1904	1881	4031	3324	1952	2373	1584	1240	299	870	758	619	61	0	0	108	0	0	0	0	0	0	0	0	0
rnd-6_family-3171	DNA	Merlin	0	0	0	0	0	0	0	0	0	65	0	0	0	506	61	356	567	1346	878	2245	1700	1439	2183	1646	777	1175	850	0	552	6	0	0	0	0	0	0	0	0	0	0
rnd-4_family-49	Unknown	Unknown	36	0	42	54	212	549	616	838	1254	1842	2665	4045	4579	5792	5793	7034	5447	6016	4908	3292	3001	2672	2038	1212	612	465	294	0	125	0	0	0	0	0	0	0	0	0	0	0
rnd-1_family-51	Unknown	Unknown	0	0	50	168	0	0	235	115	223	823	236	589	122	315	1451	278	0	0	105	39	0	0	398	30	0	0	0	0	0	0	0	0	0	0	0	0	0	0	0	0
rnd-6_family-3082	Unknown	Unknown	0	0	0	181	170	2902	3677	6528	4622	4023	2923	3493	2736	2508	744	1031	518	933	730	84	416	0	0	103	147	0	0	0	0	0	0	0	0	0	0	0	0	0	0	0
rnd-6_family-719	Unknown	Unknown	169	0	124	590	738	1068	4210	2391	3012	3493	786	677	1096	523	751	167	0	0	0	0	179	0	0	0	0	0	0	0	0	0	0	0	0	0	0	0	0	0	0	0
rnd-6_family-385	Unknown	Unknown	0	0	6722	0	3932	393	0	1339	165	2653	4954	1005	5682	2832	3055	769	1565	246	619	454	96	177	295	0	81	0	0	0	0	0	0	0	0	0	0	0	0	0	0	0
rnd-6_family-6697	Unknown	Unknown	0	0	871	1287	320	212	477	860	223	85	224	0	344	410	138	0	141	234	2679	192	168	0	0	0	0	0	0	0	0	0	0	0	0	0	0	0	0	0	0	0
rnd-5_family-1068	DNA	TcMar-Mariner	0	347	2186	389	3711	7892	2309	2095	899	2477	3249	991	4040	1560	1692	1076	3026	4736	3984	3660	5775	6543	4832	4308	7558	7247	5364	4399	2527	1620	412	524	158	0	0	0	0	0	0	0
rnd-6_family-35	Unknown	Unknown	0	0	0	0	0	0	0	543	0	0	0	0	0	64	112	105	70	82	84	0	717	359	521	401	857	486	315	106	165	121	185	0	123	0	0	0	0	0	0	0
rnd-1_family-1	DNA	TcMar-Mariner	1983	35899	215956	109599	18125	1245	537	172	0	43	0	149	0	0	0	0	0	0	0	0	0	0	61	72	0	0	0	272	1130	0	891	13	692	857	0	0	0	0	0	0
rnd-1_family-6	Unknown	Unknown	0	0	211	695	1597	2501	719	4707	5956	2922	9609	5128	8766	3621	1233	1543	1204	970	845	38	69	69	0	0	0	0	0	0	0	0	0	0	0	0	0	0	0	0	0	0
rnd-1_family-50	Unknown	Unknown	0	0	0	0	0	0	191	679	629	1438	0	0	437	0	0	582	84	0	219	364	0	0	364	0	0	0	0	0	0	0	0	0	0	0	0	0	0	0	0	0
rnd-5_family-87	Unknown	Unknown	0	0	0	0	0	0	284	0	0	0	0	226	0	98	309	67	771	308	297	343	445	804	706	794	1152	1250	556	506	478	226	226	97	86	73	22	0	0	0	0	0
rnd-5_family-3965	Unknown	Unknown	0	0	34	0	0	0	0	316	0	143	113	0	254	453	414	2072	1372	1843	1097	1930	2057	2644	1163	715	1139	47	303	0	139	51	0	0	0	0	0	0	0	0	0	0
rnd-5_family-2298	Unknown	Unknown	0	0	0	0	0	356	0	0	0	57	0	62	0	263	295	454	206	998	978	1040	1297	551	1780	1718	1931	1970	1197	957	1141	750	571	0	161	214	60	0	0	0	0	0
rnd-1_family-10	Unknown	Unknown	0	0	0	0	0	0	0	0	0	133	269	773	507	3707	4603	5704	12960	14548	21780	20401	22343	19086	12979	10227	7172	4666	1968	1470	545	62	0	203	0	0	0	0	0	0	0	0
rnd-5_family-1274	DNA	TcMar-Mariner	0	0	988	297	2016	285	1081	2614	1063	1435	2526	1108	1696	3002	3108	2445	2879	1052	1036	2101	1490	742	1101	967	212	114	0	0	74	0	44	0	0	0	0	0	0	0	0	0
rnd-1_family-21	Unknown	Unknown	0	0	0	316	0	0	0	41	114	72	221	187	44	0	215	0	209	433	184	314	0	119	131	0	0	0	0	0	0	0	0	0	0	0	0	0	0	0	0	0
rnd-1_family-33	Unknown	Unknown	23211	7102	73	8242	342	206	19316	3570	4598	3249	3707	353	1436	2567	4709	8162	2578	2680	1700	6299	1606	1071	1265	441	178	75	0	31	51	0	0	0	0	0	0	0	0	0	0	0
rnd-1_family-7	Unknown	Unknown	0	1148	1203	7952	4252	726	934	2554	8057	945	1047	2135	6050	7492	16221	4023	4796	4002	1957	2027	1877	2166	2033	34	320	0	148	0	127	0	0	0	0	0	0	0	0	0	0	0
rnd-1_family-72	Unknown	Unknown	0	0	5650	2163	2163	543	3837	3101	1692	6796	740	1832	675	381	700	1136	189	0	62	101	536	1398	715	1122	1592	1633	1356	610	1554	1167	0	0	0	0	0	0	0	0	0	0
rnd-6_family-284	Unknown	Unknown	56	0	111	1082	4259	5004	4491	3110	2645	1275	1384	759	986	549	534	1563	324	0	355	189	420	138	0	0	0	0	0	0	0	0	0	0	0	0	0	0	0	0	0	0
rnd-1_family-16	Unknown	Unknown	0	0	2140	1922	10319	526	0	1614	1241	3199	3733	8077	6435	5131	2519	4029	7217	2736	1876	1068	1440	1039	2158	102	892	630	175	44	0	0	0	0	0	0	0	0	0	0	0	0
rnd-6_family-8842	Unknown	Unknown	0	0	37	92	44	0	32	187	128	879	834	500	849	1130	2371	5106	6513	7287	11744	13226	11349	10024	7611	2884	3435	3036	321	559	27	203	0	0	0	0	0	0	0	0	0	0
